0 0.20959374999999997 0.45970833333333333 0.36753125 0.330625
0 0.49315625 0.27475 0.21765625000000002 0.15754166666666666
0 0.45775 0.1945 0.15771875 0.09458333333333332
0 0.21081249999999999 0.161375 0.13990625 0.08408333333333333
0 0.68165625 0.16929166666666667 0.1244375 0.10204166666666666
0 0.51121875 0.12404166666666666 0.1141875 0.06183333333333333
0 0.053593749999999996 0.234875 0.10321875 0.099375
0 0.38890625 0.10945833333333334 0.1074375 0.051125
0 0.63721875 0.11204166666666666 0.0706875 0.05508333333333334
0 0.75146875 0.13191666666666665 0.0700625 0.06266666666666666
0 0.92578125 0.10391666666666667 0.038406249999999996 0.03575
0 0.2578125 0.097 0.0703125 0.02745833333333333
0 0.8618124999999999 0.09895833333333333 0.048593750000000005 0.030000000000000002
0 0.47484374999999995 0.09666666666666666 0.07465625000000001 0.026333333333333334
3 0.49050000000000005 0.25225 0.22553125000000002 0.21829166666666666