0 0.37906249999999997 0.2604166666666667 0.14403125 0.15670833333333334
0 0.051000000000000004 0.23683333333333334 0.10034375 0.09775
0 0.52978125 0.175125 0.1204375 0.07854166666666668
0 0.208875 0.16383333333333333 0.13915625 0.08429166666666667
0 0.66553125 0.166 0.096375 0.10133333333333333
0 0.3884375 0.10929166666666666 0.10228124999999999 0.04895833333333333
0 0.7505 0.13354166666666664 0.06953125 0.06391666666666666
0 0.47215625 0.09495833333333333 0.063125 0.022625
0 0.50678125 0.2771666666666667 0.18615625 0.14491666666666667
0 0.203125 0.46375 0.38178125 0.282625
2 0.45446875000000003 0.2658333333333333 0.2975625 0.183875
0 0.13671875 0.13475 0.0570625 0.03983333333333334