0 0.5040625000000001 0.27537500000000004 0.19565625 0.14854166666666666
0 0.43871874999999994 0.17579166666666665 0.11378124999999999 0.09758333333333334
0 0.21106250000000001 0.1635 0.13965624999999998 0.08375
0 0.0511875 0.23666666666666666 0.10090625 0.0965
0 0.55859375 0.16391666666666668 0.1151875 0.08408333333333333
0 0.38965625 0.108875 0.10340625 0.04895833333333333
0 0.75 0.13404166666666667 0.06853125 0.06575
0 0.2010625 0.4700416666666667 0.37084375 0.30975
0 0.66259375 0.171375 0.08509375 0.091875
0 0.4663125 0.09495833333333333 0.053093749999999995 0.022291666666666664
4 0.49421875000000004 0.23733333333333334 0.22621875 0.23008333333333333
4 0.13990625 0.19725 0.2790625 0.17545833333333333
4 0.8930624999999999 0.10408333333333333 0.10393749999999999 0.04675