0 0.5006875 0.2749166666666667 0.21331250000000002 0.14583333333333334
0 0.21025 0.4633333333333333 0.36343749999999997 0.3125
0 0.05371875 0.23454166666666668 0.10321875 0.09845833333333333
0 0.21106250000000001 0.16366666666666668 0.13915625 0.08341666666666667
4 0.13978125 0.19841666666666666 0.27953125 0.17725
0 0.38890625 0.10904166666666668 0.10034375 0.048749999999999995
0 0.546875 0.168125 0.11756249999999999 0.080125
0 0.68234375 0.16508333333333333 0.12409375 0.10354166666666667
0 0.47046875000000005 0.09495833333333333 0.061875 0.022916666666666665
0 0.43237500000000006 0.19141666666666665 0.11903125 0.10808333333333334
0 0.75196875 0.13354166666666664 0.0698125 0.06745833333333334
4 0.7005 0.150375 0.1756875 0.12754166666666666