3 0.24084374999999997 0.4189166666666667 0.1134375 0.15125
0 0.6701875 0.23141666666666666 0.131125 0.272625
3 0.9389687500000001 0.5012916666666667 0.0883125 0.34441666666666665
0 0.11181250000000001 0.31675 0.07990625 0.13054166666666667
0 0.53759375 0.13833333333333334 0.09271875 0.11904166666666667
0 0.317125 0.2853333333333333 0.21375000000000002 0.21095833333333333
0 0.07421875 0.28808333333333336 0.04525 0.07625
3 0.9380000000000001 0.373375 0.0700625 0.199375
0 0.30590625 0.1285 0.06890625 0.07066666666666667
0 0.23034374999999999 0.14804166666666668 0.08771875 0.061625
0 0.61621875 0.06241666666666667 0.05996875 0.05466666666666666
0 0.40893750000000006 0.07458333333333332 0.07890625 0.066