0 0.5003437500000001 0.27670833333333333 0.20040624999999998 0.13316666666666668
0 0.20959374999999997 0.4452083333333333 0.34034375 0.25633333333333336
0 0.3624375 0.23550000000000001 0.14334375 0.09783333333333334
0 0.495125 0.13454166666666667 0.11378124999999999 0.07308333333333333
0 0.67628125 0.16795833333333335 0.11903125 0.10333333333333333
0 0.38915625 0.10945833333333334 0.10687500000000001 0.05091666666666667
0 0.62596875 0.12166666666666666 0.07653125 0.06429166666666666
0 0.053500000000000006 0.23454166666666668 0.10340625 0.1
0 0.21009375000000002 0.161375 0.140125 0.08416666666666667
0 0.75096875 0.132875 0.06928125 0.06504166666666666
0 0.47753125 0.09666666666666666 0.07990625 0.02645833333333333
0 0.92578125 0.10408333333333333 0.03775 0.035666666666666666
0 0.8618124999999999 0.099375 0.0489375 0.03075
4 0.1431875 0.19645833333333332 0.286375 0.17904166666666665
4 0.44803125 0.25995833333333335 0.30909375 0.15941666666666665