0 0.354625 0.24229166666666666 0.176625 0.10779166666666667
0 0.20550000000000002 0.4669583333333333 0.3648125 0.3107083333333333
0 0.49365625 0.27475 0.21728125 0.15708333333333335
0 0.4926875 0.13525 0.1139375 0.07333333333333333
0 0.38940625 0.10945833333333334 0.10687500000000001 0.050708333333333334
0 0.62403125 0.12362500000000001 0.07934375 0.066125
0 0.053593749999999996 0.23454166666666668 0.1035625 0.09983333333333334
0 0.21009375000000002 0.161375 0.140125 0.08391666666666667
0 0.67384375 0.16699999999999998 0.11278125000000001 0.10375
0 0.75096875 0.132875 0.06953125 0.06441666666666666
0 0.4765625 0.09683333333333333 0.07825 0.026500000000000003