0 0.2170625 0.467375 0.3335625 0.27899999999999997
0 0.0681875 0.39675 0.13321875 0.14420833333333333
0 0.49390625000000005 0.2760416666666667 0.213375 0.15462499999999998
0 0.05175 0.23683333333333334 0.102125 0.098625
0 0.5756875 0.15541666666666665 0.112625 0.087
0 0.38990625 0.108875 0.10503124999999999 0.04858333333333333
0 0.21131250000000001 0.1635 0.13990625 0.08408333333333333
0 0.45043749999999994 0.1625 0.11065624999999998 0.08845833333333333
0 0.6773125 0.16258333333333336 0.10734375 0.08604166666666666
0 0.75096875 0.13329166666666667 0.0704375 0.066
0 0.479 0.09595833333333334 0.08165625 0.025666666666666667
4 0.62840625 0.159875 0.21740624999999997 0.09874999999999999