0 0.31625000000000003 0.2830416666666667 0.1976875 0.18208333333333335
0 0.6665 0.2225 0.15331250000000002 0.28191666666666665
0 0.3103125 0.14454166666666665 0.060843749999999995 0.04758333333333333
0 0.117875 0.325625 0.06453125 0.12045833333333333
0 0.52784375 0.13379166666666667 0.072625 0.10775
0 0.625 0.12425 0.07878125 0.119875
0 0.25634375 0.14225000000000002 0.052125 0.04958333333333333
0 0.19371875 0.160875 0.03678125 0.0465
0 0.06293750000000001 0.2785 0.03078125 0.059125
0 0.22046875 0.15566666666666668 0.0419375 0.043375000000000004
3 0.55603125 0.23370833333333335 0.0821875 0.08695833333333333
0 0.07471875 0.29075 0.03125 0.07245833333333333
2 0.5978125000000001 0.16575 0.07471875 0.14129166666666665