0 0.7469375 0.43295833333333333 0.25475 0.24275
0 0.9303750000000001 0.5158333333333334 0.13928125 0.20379166666666665
0 0.82303125 0.7712916666666667 0.35121875 0.40850000000000003
0 0.36071875000000003 0.21920833333333334 0.058437499999999996 0.07429166666666666
3 0.59884375 0.2690416666666666 0.06996875 0.07608333333333334
0 0.8390000000000001 0.35054166666666664 0.1929375 0.13766666666666666
0 0.967875 0.2690416666666666 0.06425 0.07458333333333332
3 0.3154375 0.21354166666666666 0.029875000000000002 0.057708333333333334
0 0.7999375 0.2810833333333333 0.25256249999999997 0.08929166666666667
0 0.9254374999999999 0.20979166666666668 0.14909375 0.0875
0 0.8984375 0.29133333333333333 0.0984375 0.07279166666666666
1 0.872625 0.47779166666666667 0.25340625 0.22191666666666665