0 0.51359375 0.16983333333333334 0.2146875 0.11683333333333333
3 0.5159687500000001 0.07879166666666666 0.06453125 0.09420833333333332
1 0.5139375 0.1404166666666667 0.21400000000000002 0.1829583333333333
0 0.1545625 0.13995833333333335 0.12703124999999998 0.09329166666666668
0 0.43724999999999997 0.075 0.0731875 0.05716666666666667
0 0.3625625 0.09408333333333332 0.07878125 0.065375
0 0.85059375 0.11508333333333334 0.06609374999999999 0.07983333333333334
0 0.8169062500000001 0.06216666666666667 0.07934375 0.06104166666666667
0 0.49243750000000003 0.065625 0.0503125 0.04883333333333333
0 0.75928125 0.734375 0.47803125 0.5133333333333333
0 0.71971875 0.04625 0.03896875 0.03908333333333334