0 0.44803125 0.19020833333333334 0.1256875 0.07066666666666667
0 0.26596875 0.327 0.20584375000000002 0.14491666666666667
0 0.05603125 0.220125 0.11209374999999999 0.14129166666666665
0 0.57325 0.16187500000000002 0.109125 0.11329166666666667
0 0.68165625 0.13475 0.054593749999999996 0.05475
0 0.495375 0.11945833333333335 0.08228125 0.08445833333333333
0 0.73584375 0.11970833333333333 0.0365625 0.03345833333333333
0 0.64503125 0.12141666666666667 0.03459375 0.032375
0 0.7011875 0.10041666666666667 0.0416875 0.030583333333333334
0 0.74025 0.07708333333333334 0.0378125 0.043291666666666666
2 0.46128125000000003 0.16441666666666668 0.13315625 0.11504166666666667