0 0.51459375 0.16891666666666666 0.20178124999999997 0.11320833333333334
3 0.5152812499999999 0.09283333333333334 0.050937500000000004 0.05708333333333333
0 0.1521875 0.1408333333333333 0.135875 0.08241666666666667
0 0.76834375 0.7377916666666666 0.46331249999999996 0.49545833333333333
0 0.36209375 0.090125 0.0774375 0.060708333333333336
0 0.4368125 0.07291666666666667 0.06521875 0.049833333333333334
0 0.5030625 0.057958333333333334 0.06046875 0.041666666666666664
2 0.51765625 0.147625 0.19971875 0.14491666666666667
0 0.846125 0.11279166666666667 0.046875 0.077
0 0.712625 0.04529166666666666 0.040749999999999995 0.041666666666666664
0 0.814875 0.06341666666666666 0.07134375 0.05616666666666667
0 0.92425 0.11504166666666667 0.08084375 0.03804166666666667