3 0.43046875 0.1675925925925926 0.065625 0.1111111111111111
3 0.5833333333333334 0.10648148148148148 0.040625 0.07592592592592592
3 0.64140625 0.13194444444444445 0.03802083333333333 0.08055555555555556
3 0.6895833333333333 0.09537037037037037 0.029166666666666667 0.06296296296296296
3 0.7768229166666667 0.21574074074074073 0.0375 0.10277777777777777
0 0.09713541666666667 0.3851851851851852 0.19427083333333334 0.3194444444444444
3 0.033854166666666664 0.22962962962962963 0.027604166666666666 0.07592592592592592
3 0.08098958333333334 0.1550925925925926 0.04479166666666667 0.0824074074074074
3 0.12552083333333333 0.13564814814814816 0.03229166666666667 0.07314814814814814
3 0.16458333333333333 0.07175925925925926 0.0328125 0.04814814814814815
0 0.11953125 0.09490740740740741 0.059895833333333336 0.06481481481481481
0 0.059375 0.11712962962962963 0.05364583333333333 0.0962962962962963
0 0.010416666666666666 0.11481481481481481 0.019791666666666666 0.049074074074074076
0 0.00546875 0.15 0.010416666666666666 0.062037037037037036
3 0.86171875 0.06527777777777778 0.011458333333333333 0.040740740740740744
3 0.8877604166666667 0.07962962962962963 0.0171875 0.03888888888888889
0 0.8890625 0.060648148148148145 0.022395833333333334 0.037037037037037035
0 0.9028645833333333 0.05416666666666667 0.009895833333333333 0.032407407407407406
0 0.023697916666666666 0.12361111111111112 0.033854166666666664 0.07592592592592592
0 0.8184895833333333 0.055092592592592596 0.046875 0.05740740740740741
0 0.7161458333333334 0 0.016145833333333335 0