0 0.7236979166666667 0.2796296296296296 0.1640625 0.27037037037037037
0 0.2015625 0.1425925925925926 0.078125 0.12129629629629629
0 0.065625 0.11342592592592593 0.0625 0.08148148148148149
0 0.027864583333333335 0.12824074074074074 0.0390625 0.06666666666666667
0 0.009895833333333333 0.1259259259259259 0.019791666666666666 0.05092592592592592
0 0.76328125 0.14166666666666666 0.10364583333333334 0.14907407407407408
0 0.8723958333333334 0.10601851851851851 0.03854166666666667 0.08518518518518518
3 0.82109375 0.07222222222222222 0.0265625 0.08611111111111111
3 0.7169270833333333 0.08518518518518518 0.041666666666666664 0.09351851851851851
3 0.7932291666666667 0.08333333333333333 0.027604166666666666 0.07314814814814814
3 0.128125 0.12361111111111112 0.05520833333333333 0.10833333333333334
3 0.08098958333333334 0.16018518518518518 0.04375 0.11296296296296296