0 0.7958333333333333 0.07916666666666666 0.051041666666666666 0.06111111111111111
3 0.8588541666666667 0.06435185185185185 0.009895833333333333 0.03611111111111111
3 0.2752604166666667 0.287962962962963 0.10416666666666667 0.17407407407407408
3 0.5567708333333333 0.14166666666666666 0.0515625 0.10185185185185185
3 0.16640625 0.07175925925925926 0.03802083333333333 0.05092592592592592
3 0.46510416666666665 0.14722222222222223 0.052083333333333336 0.10185185185185185
0 0.02421875 0.12268518518518519 0.03229166666666667 0.07314814814814814
3 0.08255208333333333 0.15 0.034375 0.08888888888888889
0 0.5966145833333333 0.07222222222222222 0.0953125 0.10833333333333334
3 0.5619791666666667 0.44305555555555554 0.1015625 0.2111111111111111
3 0.12395833333333334 0.1337962962962963 0.034895833333333334 0.07314814814814814
0 0.25338541666666664 0.0912037037037037 0.1421875 0.10462962962962963
0 0.06171875 0.11805555555555555 0.05572916666666667 0.09444444444444444