3 0.16744791666666667 0.07175925925925926 0.0390625 0.05
0 0.024479166666666666 0.12222222222222222 0.03333333333333333 0.07407407407407407
3 0.12421875 0.13333333333333333 0.034895833333333334 0.07592592592592592
3 0.46848958333333335 0.14675925925925926 0.06302083333333333 0.10648148148148148
3 0.08125 0.15046296296296297 0.041666666666666664 0.08611111111111111
3 0.08958333333333333 0.10324074074074074 0.0203125 0.06574074074074074
0 0.8434895833333333 0.05787037037037037 0.028645833333333332 0.049074074074074076
0 0.7544270833333333 0.15833333333333333 0.10572916666666667 0.15092592592592594
0 0.008854166666666666 0.11805555555555555 0.017708333333333333 0.05740740740740741
0 0.10963541666666667 0.37175925925925923 0.2171875 0.3648148148148148
3 0.828125 0.08009259259259259 0.020833333333333332 0.062037037037037036
0 0.8953125 0.062037037037037036 0.015625 0.03518518518518519
0 0.06145833333333333 0.11435185185185186 0.053125 0.08888888888888889
3 0.8830729166666667 0.05462962962962963 0.008854166666666666 0.02962962962962963