3 0.4666666666666667 0.33194444444444443 0.15208333333333332 0.26666666666666666
3 0.07786458333333333 0.15787037037037038 0.04739583333333333 0.0962962962962963
3 0.12708333333333333 0.13842592592592592 0.06041666666666667 0.1175925925925926
0 0.058854166666666666 0.12175925925925926 0.051041666666666666 0.10648148148148148
0 0.030729166666666665 0.12824074074074074 0.03854166666666667 0.0787037037037037
0 0.009895833333333333 0.12962962962962962 0.019791666666666666 0.05462962962962963
3 0.015364583333333333 0.43287037037037035 0.030729166666666665 0.13518518518518519
3 0.7075520833333333 0.07916666666666666 0.015104166666666667 0.07314814814814814
3 0.7299479166666667 0.09675925925925925 0.0265625 0.08518518518518518
3 0.7934895833333333 0.07916666666666666 0.018229166666666668 0.07962962962962963
3 0.821875 0.0787037037037037 0.020833333333333332 0.0824074074074074
0 0.7666666666666667 0.08472222222222223 0.05 0.10925925925925926
3 0.17109375 0.06805555555555555 0.04635416666666667 0.08333333333333333