0 0.5338541666666666 0.07962962962962963 0.14895833333333333 0.11666666666666667
0 0.8872395833333333 0.08796296296296297 0.03333333333333333 0.05555555555555555
0 0.72265625 0.08472222222222223 0.09583333333333334 0.10462962962962963
0 0.8544270833333333 0.06388888888888888 0.030208333333333334 0.04259259259259259
0 0.8895833333333333 0.05740740740740741 0.025 0.03425925925925926
0 0.02578125 0.1763888888888889 0.0515625 0.12407407407407407
3 0.12786458333333334 0.12685185185185185 0.03802083333333333 0.09074074074074075
0 0.06015625 0.1175925925925926 0.05520833333333333 0.0962962962962963
0 0.02109375 0.11203703703703703 0.03802083333333333 0.05555555555555555
0 0.17083333333333334 0.08518518518518518 0.1125 0.10092592592592593
3 0.08125 0.1574074074074074 0.043229166666666666 0.08425925925925926