0 0.5484375 0.45416666666666666 0.44479166666666664 0.44814814814814813
3 0.69765625 0.8435185185185186 0.3932291666666667 0.29444444444444445
3 0.9213541666666667 0.887962962962963 0.15729166666666666 0.22407407407407406
3 0.20755208333333333 0.16805555555555557 0.06302083333333333 0.12037037037037036
3 0.19479166666666667 0.10694444444444444 0.04583333333333333 0.08333333333333333
3 0.12447916666666667 0.21898148148148147 0.053125 0.1111111111111111
3 0.12213541666666666 0.11481481481481481 0.025520833333333333 0.07314814814814814
3 0.09453125 0.08518518518518518 0.024479166666666666 0.058333333333333334
3 0.7315104166666667 0.11157407407407408 0.0234375 0.07407407407407407
3 0.7208333333333333 0.09444444444444444 0.022916666666666665 0.06574074074074074
3 0.8421875 0.06805555555555555 0.03229166666666667 0.06851851851851852
0 0.7713541666666667 0.09074074074074075 0.057291666666666664 0.10648148148148148