0 0.026041666666666668 0.17592592592592593 0.052083333333333336 0.12314814814814815
3 0.12890625 0.13055555555555556 0.0359375 0.0787037037037037
3 0.08125 0.15694444444444444 0.049479166666666664 0.08333333333333333
3 0.3606770833333333 0.22314814814814815 0.08072916666666667 0.11851851851851852
3 0.16666666666666666 0.0712962962962963 0.03854166666666667 0.04814814814814815
3 0.057291666666666664 0.1476851851851852 0.024479166666666666 0.07222222222222222
3 0.14453125 0.2912037037037037 0.09010416666666667 0.13425925925925927
3 0.7255208333333333 0.07777777777777778 0.028125 0.08425925925925926
0 0.8770833333333333 0.06157407407407407 0.027604166666666666 0.044444444444444446
3 0.8481770833333333 0.05185185185185185 0.008333333333333333 0.02962962962962963
0 0.06302083333333333 0.1037037037037037 0.05520833333333333 0.07407407407407407
0 0.02734375 0.10833333333333334 0.030208333333333334 0.04722222222222222
0 0.008854166666666666 0.10740740740740741 0.017708333333333333 0.02962962962962963