0 0.5475625 0.24004166666666665 0.15490625 0.10508333333333333
0 0.38246875 0.176625 0.11821875 0.12320833333333334
0 0.136875 0.14854166666666666 0.05909375 0.07429166666666666
0 0.09515625 0.11004166666666666 0.0485 0.08070833333333334
0 0.0360625 0.04320833333333333 0.029312500000000002 0.06991666666666667
0 0.18165625000000002 0.11883333333333333 0.07365625 0.080125
0 0.1385625 0.075 0.05184375 0.08341666666666667
0 0.1925 0.05516666666666667 0.044 0.04829166666666666
0 0.077625 0.03270833333333333 0.04321875 0.057708333333333334
0 0.9262812500000001 0.453125 0.141 0.17433333333333334
0 0.22740624999999998 0.23941666666666667 0.05771875 0.05395833333333333
0 0.24865624999999997 0.10145833333333334 0.05571875 0.05979166666666667
2 0.47690625000000003 0.2029166666666667 0.30028125 0.1829583333333333