0 0.53125 0.24229166666666666 0.13315625 0.10958333333333334
0 0.30671875000000004 0.126375 0.08084375 0.11320833333333334
0 0.132125 0.14945833333333333 0.068625 0.08512499999999999
0 0.19371875 0.05345833333333334 0.045187500000000005 0.04695833333333333
0 0.03634375 0.042625 0.0315 0.07004166666666665
0 0.1383125 0.07225 0.04878125 0.07733333333333332
0 0.92775 0.44725000000000004 0.14221875 0.171375
0 0.07903125 0.039625 0.048843750000000005 0.068375
0 0.1844375 0.119875 0.06596874999999999 0.07820833333333334
0 0.23475000000000001 0.09970833333333333 0.065625 0.06991666666666667
0 0.95215625 0.27133333333333337 0.09331249999999999 0.20508333333333334
0 0.03875 0.13833333333333334 0.039781250000000004 0.09545833333333334
0 0.21728125 0.2565 0.09303125 0.09775
1 0.434125 0.18658333333333335 0.3368125 0.24183333333333332