0 0.5325624999999999 0.24520833333333333 0.14975 0.14150000000000001
0 0.34796875 0.15320833333333334 0.13996875 0.13629166666666667
0 0.1434375 0.17008333333333334 0.05603125 0.068125
0 0.23424999999999999 0.10295833333333333 0.07921875 0.07666666666666666
0 0.1380625 0.07362500000000001 0.0503125 0.08191666666666667
0 0.182875 0.11945833333333335 0.06878125 0.07820833333333334
0 0.19225 0.05508333333333334 0.043375000000000004 0.04783333333333333
0 0.09446875 0.11679166666666667 0.0511875 0.08295833333333333
0 0.9272500000000001 0.4567083333333333 0.13890625 0.18587499999999998
0 0.03634375 0.042791666666666665 0.029249999999999998 0.06991666666666667
0 0.95409375 0.2669166666666667 0.089125 0.20037500000000003
0 0.077625 0.03575 0.04559375 0.06358333333333334
1 0.44368749999999996 0.20224999999999999 0.33137500000000003 0.23958333333333334