0 0.464125 0.3688333333333333 0.12853125 0.15275
0 0.6479375 0.32375000000000004 0.12250000000000001 0.14525
0 0.765625 0.4570416666666667 0.15003125 0.18116666666666664
3 0.9243124999999999 0.6647083333333333 0.083625 0.15787500000000002
0 0.0984375 0.67775 0.18384375 0.25275
0 0.8188437499999999 0.3580833333333333 0.13634375 0.15333333333333332
0 0.40796875000000005 0.2785 0.12634375 0.12533333333333332
3 0.354 0.52375 0.058437499999999996 0.12141666666666667
0 0.7729375 0.258125 0.13990625 0.10504166666666667
3 0.692375 0.6057916666666666 0.07171875 0.15379166666666666
0 0.34034375 0.203625 0.10175000000000001 0.123125
0 0.44896874999999997 0.20654166666666668 0.10725 0.161375
3 0.61865625 0.47329166666666667 0.055125 0.10945833333333334
3 0.50196875 0.5380833333333332 0.048843750000000005 0.12208333333333334
0 0.5698125 0.2620416666666667 0.10596874999999999 0.123375
0 0.44678125 0.058666666666666666 0.0856875 0.112625
3 0.9108750000000001 0.5309166666666667 0.056843750000000005 0.13645833333333332
3 0.97203125 0.5606666666666666 0.03334375 0.14033333333333334
0 0.5559375 0.139375 0.10593749999999999 0.12316666666666666