0 0.36328125 0.5393749999999999 0.19190625 0.12516666666666668
0 0.8247187500000001 0.2830416666666667 0.06865625 0.052083333333333336
0 0.286625 0.42220833333333335 0.074875 0.1
3 0.19153125 0.46841666666666665 0.030375000000000003 0.06079166666666667
3 0.39165625 0.6042916666666667 0.05715625 0.14829166666666668
3 0.16993750000000002 0.721375 0.0675625 0.17758333333333332
3 0.62940625 0.6731666666666667 0.05500000000000001 0.15675
3 0.37646875 0.39779166666666665 0.026000000000000002 0.057625
3 0.29053125 0.528 0.059 0.09808333333333333
3 0.11278125000000001 0.39158333333333334 0.0403125 0.066625
2 0.35150000000000003 0.53825 0.24465625000000002 0.178875