3 0.5570625 0.212875 0.09375 0.099625
0 0.53021875 0.126375 0.089 0.10416666666666667
0 0.11278125000000001 0.31837499999999996 0.0805 0.12916666666666668
0 0.07396875 0.28775 0.04725 0.07708333333333334
0 0.30590625 0.1285 0.06965625 0.07054166666666667
0 0.66746875 0.21320833333333333 0.1584375 0.30291666666666667
0 0.2521875 0.14250000000000002 0.059312500000000004 0.054375
0 0.19359375 0.16070833333333334 0.038125 0.04666666666666666
0 0.31665625 0.2846666666666666 0.21496875000000001 0.214375
0 0.6243125 0.11016666666666668 0.0780625 0.14575
2 0.58865625 0.15670833333333334 0.109375 0.2029166666666667