0 0.5377500000000001 0.625 0.1705625 0.25866666666666666
0 0.5983125 0.5199583333333334 0.30078125 0.232625
1 0.5989687499999999 0.5785416666666666 0.321625 0.35850000000000004
0 0.6015625 0.3164166666666667 0.11068750000000001 0.127625
0 0.8208125000000001 0.14754166666666665 0.0485 0.06575
0 0.6948125 0.233875 0.074875 0.11929166666666666
0 0.56640625 0.2695416666666667 0.09790625 0.11166666666666666
0 0.6074375 0.44466666666666665 0.18590625 0.126875
0 0.9047812499999999 0.10504166666666667 0.0356875 0.044875
0 0.48218750000000005 0.46970833333333334 0.09028125000000001 0.09458333333333332
0 0.849625 0.065375 0.03775 0.06391666666666666
4 0.5895312500000001 0.29254166666666664 0.1451875 0.16666666666666666