0 0.5286562499999999 0.24695833333333334 0.15103125 0.11545833333333334
0 0.290375 0.11025 0.09375 0.11804166666666666
0 0.18409375 0.11945833333333335 0.0683125 0.07895833333333332
0 0.1430625 0.16795833333333335 0.052531249999999995 0.06683333333333333
0 0.233875 0.10116666666666667 0.05953125 0.07866666666666666
0 0.92775 0.44595833333333335 0.14146875 0.165375
0 0.083875 0.08716666666666667 0.06475 0.14479166666666668
0 0.19459375 0.05516666666666667 0.047531250000000004 0.049958333333333334
0 0.1384375 0.074125 0.05021875 0.08083333333333333
0 0.03575 0.04225 0.03203125 0.07333333333333333
1 0.42446875000000006 0.18270833333333333 0.3671875 0.26995833333333336