0 0.32325 0.27691666666666664 0.1920625 0.13541666666666666
0 0.49762500000000004 0.279625 0.21659375 0.15283333333333332
0 0.21156250000000001 0.16366666666666668 0.140125 0.08416666666666667
0 0.0511875 0.2365 0.10071875 0.097
0 0.5221250000000001 0.17579166666666665 0.13803125 0.08766666666666666
0 0.38965625 0.10904166666666668 0.1095 0.05054166666666667
0 0.47828125000000005 0.09595833333333334 0.07946875 0.025416666666666664
0 0.1928125 0.49412500000000004 0.385625 0.3564583333333333
0 0.67821875 0.16591666666666666 0.12525 0.10654166666666667
0 0.7529375 0.13379166666666667 0.06878125 0.066125
0 0.8618124999999999 0.09912499999999999 0.049125 0.030375
2 0.23112499999999997 0.443125 0.31771875 0.45225000000000004