3 0.40265625 0.45616666666666666 0.05275 0.19183333333333333
3 0.536625 0.42154166666666665 0.05128125 0.14658333333333334
3 0.88478125 0.5136666666666667 0.060625 0.17545833333333333
3 0.59571875 0.3737083333333333 0.0483125 0.14225000000000002
3 0.62696875 0.426125 0.051437500000000004 0.17220833333333332
3 0.9164999999999999 0.46549999999999997 0.043937500000000004 0.13787500000000003
3 0.8598750000000001 0.4297083333333333 0.047343750000000004 0.13566666666666669
3 0.650875 0.2197083333333333 0.035875000000000004 0.057958333333333334
0 0.7447812500000001 0.28950000000000004 0.12109375 0.13108333333333333
0 0.449875 0.3398333333333333 0.12240625000000001 0.13454166666666667
0 0.63915625 0.29900000000000004 0.11278125000000001 0.12166666666666666
0 0.3828125 0.2630416666666667 0.09809375000000001 0.12875
0 0.68946875 0.38475000000000004 0.140625 0.150375
0 0.44653124999999994 0.20575000000000002 0.10931249999999999 0.16504166666666667
0 0.338625 0.19679166666666664 0.09515625 0.12183333333333332
0 0.56690625 0.26137499999999997 0.07575 0.120375
3 0.9369999999999999 0.30141666666666667 0.04878125 0.058666666666666666
0 0.38378125 0.04791666666666667 0.060750000000000005 0.09270833333333334
3 0.45531249999999995 0.026291666666666665 0.02971875 0.05254166666666667
0 0.542 0.1517083333333333 0.11634375 0.16845833333333332
0 0.2841875 0.14779166666666665 0.07121875 0.09325
0 0.90396875 0.39366666666666666 0.16599999999999998 0.16404166666666667