3 0.40853124999999996 0.45658333333333334 0.06315625 0.18229166666666666
3 0.53809375 0.41733333333333333 0.047093750000000004 0.14729166666666668
3 0.88478125 0.487 0.05921875 0.14779166666666665
3 0.58740625 0.359375 0.040781250000000005 0.11945833333333335
3 0.61815625 0.42904166666666665 0.051000000000000004 0.15333333333333332
3 0.8530312500000001 0.4157083333333333 0.042812499999999996 0.13933333333333334
3 0.912125 0.44433333333333336 0.043937500000000004 0.12075
3 0.64990625 0.21762499999999999 0.034375 0.059708333333333335
0 0.68978125 0.38237499999999996 0.12825 0.15191666666666667
0 0.744625 0.2929583333333333 0.121875 0.13241666666666668
0 0.44506249999999997 0.3342916666666667 0.12571875 0.13787500000000003
0 0.390875 0.27670833333333333 0.08178125 0.10945833333333334
0 0.5703125 0.26125000000000004 0.06684375000000001 0.11970833333333333
0 0.45875000000000005 0.23370833333333335 0.08496875000000001 0.10679166666666666
0 0.34715625 0.198875 0.10193749999999999 0.11841666666666667
0 0.37890625 0.042708333333333334 0.05234375 0.08204166666666667
0 0.53565625 0.14250000000000002 0.11278125000000001 0.15404166666666666
0 0.45246875 0.16104166666666667 0.09115625000000001 0.07204166666666666
0 0.88378125 0.385 0.17771874999999998 0.15016666666666667