0 0.27246875 0.7981666666666667 0.33137500000000003 0.31858333333333333
3 0.42609375 0.7018333333333333 0.13346875 0.24741666666666667
1 0.30274999999999996 0.7669166666666667 0.40884375000000006 0.38975000000000004
0 0.70753125 0.40591666666666665 0.14953125 0.1625
0 0.7705 0.3154166666666667 0.12878125 0.146
0 0.45215625 0.34604166666666664 0.13025 0.14550000000000002
0 0.6328125 0.306 0.11378124999999999 0.12645833333333334
0 0.94028125 0.44987499999999997 0.08975 0.17462499999999997
0 0.390125 0.266125 0.10521875 0.12645833333333334
0 0.568375 0.2643333333333333 0.0865 0.120375
0 0.44556250000000003 0.20575000000000002 0.10840625 0.16058333333333333
0 0.63478125 0.193375 0.0885 0.10679166666666666
0 0.3413125 0.20020833333333332 0.10246875 0.123375
3 0.672375 0.507375 0.10484374999999999 0.203125
0 0.4094375 0.07966666666666668 0.06475 0.08766666666666666
3 0.91015625 0.564125 0.10821875 0.23600000000000002
3 0.61075 0.42774999999999996 0.06343750000000001 0.17745833333333336
3 0.5201875 0.45399999999999996 0.05990625000000001 0.173625
3 0.38478124999999996 0.4804583333333333 0.06899999999999999 0.17275000000000001
3 0.8756562499999999 0.45137499999999997 0.06118749999999999 0.1527916666666667
3 0.48696875000000006 0.05945833333333333 0.02475 0.061625
0 0.5364687499999999 0.15145833333333333 0.11850000000000001 0.13283333333333333