0 0.6673125 0.31337499999999996 0.19271875 0.21875
0 0.69434375 0.18316666666666667 0.13215625 0.09720833333333333
0 0.95509375 0.2703333333333333 0.08959375 0.20133333333333334
0 0.9291874999999999 0.43716666666666665 0.14125000000000001 0.14250000000000002
0 0.1323125 0.16116666666666665 0.0718125 0.08837500000000001
0 0.18162499999999998 0.12370833333333334 0.07943750000000001 0.08075
0 0.24378125 0.10745833333333334 0.06659375 0.08008333333333333
0 0.096 0.10483333333333333 0.051437500000000004 0.08495833333333333
0 0.13646875 0.065375 0.044937500000000005 0.06720833333333333
0 0.0826875 0.041124999999999995 0.0410625 0.06441666666666666
0 0.192125 0.057291666666666664 0.040375 0.046
4 0.6673125 0.278625 0.20053125 0.29862500000000003