0 0.29915625 0.8020833333333334 0.32096874999999997 0.29512499999999997
3 0.38053125 0.6697083333333332 0.23112499999999997 0.15887500000000002
1 0.314125 0.7608333333333334 0.37434375000000003 0.3828333333333333
3 0.383125 0.48220833333333335 0.08009374999999999 0.16058333333333333
3 0.5185625 0.4535416666666666 0.055343750000000004 0.17970833333333333
0 0.45571875000000006 0.34720833333333334 0.13803125 0.1440833333333333
0 0.70753125 0.40429166666666666 0.15259375 0.16
3 0.6123125 0.41212499999999996 0.0548125 0.15145833333333333
0 0.76759375 0.31333333333333335 0.12828124999999999 0.14454166666666665
3 0.8784062499999999 0.44758333333333333 0.049125 0.13883333333333334
0 0.6333125 0.307125 0.11340625 0.12466666666666668
3 0.66065625 0.4925 0.05953125 0.18066666666666667
0 0.39234375 0.26808333333333334 0.10578125000000001 0.12875
3 0.8989375000000001 0.5524166666666667 0.06440625 0.154875
0 0.9291874999999999 0.45083333333333336 0.10931249999999999 0.17545833333333333
0 0.44653124999999994 0.20587499999999997 0.10725 0.16058333333333333
0 0.34034375 0.199375 0.1014375 0.123125
0 0.562 0.25945833333333335 0.08690624999999999 0.120125
3 0.48656249999999995 0.05816666666666667 0.026500000000000003 0.06204166666666667
0 0.6381875 0.18862500000000001 0.07684375 0.11204166666666666
0 0.40796875000000005 0.07808333333333332 0.06525 0.088625
3 0.24634375 0.6946666666666667 0.1436875 0.08204166666666667
0 0.39403125 0.01925 0.057499999999999996 0.03783333333333334
0 0.5498125 0.16095833333333334 0.11878124999999999 0.1525