0 0.5589062499999999 0.5824583333333333 0.1920625 0.1527916666666667
0 0.82421875 0.2814166666666667 0.0700625 0.05625
0 0.2166875 0.5553333333333333 0.11359375000000001 0.154875
3 0.44662499999999994 0.5711666666666667 0.04165625 0.142375
3 0.10559375 0.54525 0.0356875 0.09075000000000001
3 0.6302187499999999 0.7372083333333334 0.043937500000000004 0.14729166666666668
3 0.36790625 0.7610833333333333 0.0476875 0.1565
3 0.28734375 0.654625 0.0483125 0.14479166666666668
3 0.33421875 0.48891666666666667 0.0386875 0.09512499999999999
3 0.16528125 0.34145833333333336 0.0189375 0.06204166666666667
1 0.54103125 0.5794166666666667 0.234375 0.17099999999999999