0 0.4371875 0.8641666666666666 0.34700000000000003 0.26995833333333336
3 0.33365625 0.72875 0.18946875000000002 0.15362499999999998
1 0.42350000000000004 0.8194583333333333 0.38868749999999996 0.36112500000000003
3 0.38834375 0.47875 0.061843749999999996 0.15712500000000001
0 0.69434375 0.39908333333333335 0.15821875000000002 0.1625
0 0.44946875000000003 0.34308333333333335 0.12915625 0.14479166666666668
0 0.93246875 0.4330416666666667 0.10187500000000001 0.177125
0 0.75684375 0.30745833333333333 0.12421875 0.14129166666666665
0 0.62890625 0.29183333333333333 0.1121875 0.112875
0 0.38453125 0.26495833333333335 0.09571874999999999 0.123375
3 0.52784375 0.4661666666666667 0.05090625 0.11508333333333334
3 0.8873749999999999 0.565125 0.06934375000000001 0.19141666666666665
0 0.4506875 0.20604166666666668 0.0995 0.15975
0 0.349125 0.20199999999999999 0.11009374999999999 0.123375
0 0.5708125 0.2635 0.07978125 0.11654166666666667
3 0.8715937500000001 0.4502083333333333 0.04978125 0.14525
3 0.64990625 0.5039166666666667 0.05865625 0.14704166666666665
0 0.39575 0.06183333333333333 0.07171875 0.10716666666666666
3 0.60303125 0.401375 0.05184375 0.143
3 0.474125 0.04891666666666667 0.03934375 0.07808333333333332
3 0.9361875 0.5143333333333333 0.06381250000000001 0.19012500000000002
3 0.66259375 0.22345833333333334 0.029406250000000002 0.057833333333333334
0 0.5498125 0.14150000000000001 0.12175 0.140625