0 0.0983125 0.6740416666666668 0.1796875 0.24737499999999998
3 0.609375 0.8120833333333334 0.07681249999999999 0.13974999999999999
1 0.33234375 0.7326250000000001 0.643875 0.38887499999999997
3 0.35481250000000003 0.4856666666666667 0.07162500000000001 0.17099999999999999
3 0.5029375 0.5130416666666666 0.057499999999999996 0.18683333333333335
1 0.61525 0.43845833333333334 0.058437499999999996 0.17074999999999999
3 0.90625 0.5286666666666666 0.0538125 0.145
0 0.46778125 0.37595833333333334 0.13134375 0.15333333333333332
3 0.70409375 0.5800833333333333 0.07684375 0.23550000000000001
0 0.65528125 0.32895833333333335 0.1244375 0.14275
0 0.8530312500000001 0.38087499999999996 0.1434375 0.15437499999999998
3 0.9441875 0.6188333333333333 0.05646875 0.18245833333333333
0 0.42040625 0.29116666666666663 0.13634375 0.13475
0 0.3415625 0.20670833333333333 0.10540624999999999 0.12362500000000001
0 0.577625 0.262875 0.10578125000000001 0.12075
0 0.44115624999999997 0.209625 0.12025 0.16333333333333336
0 0.4851875 0.07029166666666667 0.09003125 0.10470833333333333
1 0.755375 0.3084166666666667 0.04978125 0.09529166666666668
3 0.9668125 0.5393749999999999 0.03228125 0.10170833333333333
0 0.5541875 0.154875 0.11181250000000001 0.13908333333333334
0 0.2834375 0.16241666666666665 0.07278124999999999 0.11208333333333333
0 0.78515625 0.48133333333333334 0.16146875 0.18316666666666667
0 0.9049375 0.33029166666666665 0.13671875 0.12758333333333333