0 0.44465625 0.6701250000000001 0.16015625 0.08679166666666666
0 0.4371875 0.6940000000000001 0.09962499999999999 0.094625
0 0.5700000000000001 0.6749166666666666 0.1074375 0.10158333333333333
0 0.688 0.567375 0.080625 0.07483333333333334
0 0.505875 0.5794166666666667 0.06575 0.065625
0 0.67775 0.7226666666666667 0.104125 0.10870833333333334
0 0.3249375 0.744125 0.09331249999999999 0.09237500000000001
0 0.2480625 0.791 0.11340625 0.08391666666666667
0 0.54590625 0.5725833333333333 0.05109375000000001 0.05375
0 0.1538125 0.4567083333333333 0.04409375 0.04066666666666666
0 0.09175 0.457375 0.046125 0.04004166666666666
0 0.1540625 0.8417916666666667 0.11028125 0.06525
0 0.030593749999999996 0.502625 0.06115625 0.0465
0 0.72071875 0.50425 0.0571875 0.048749999999999995
0 0.651375 0.46808333333333335 0.061312500000000006 0.05304166666666667
0 0.05225 0.46287500000000004 0.045187500000000005 0.0445
0 0.18909375 0.45279166666666665 0.033375 0.034666666666666665
0 0.5493125 0.3473333333333333 0.029406250000000002 0.02775
0 0.6176875 0.4922083333333333 0.052437500000000005 0.04029166666666666
0 0.64209375 0.31704166666666667 0.033218750000000005 0.027166666666666665
0 0.208625 0.43033333333333335 0.03365625 0.026916666666666665
0 0.604 0.3279583333333333 0.02828125 0.022625
0 0.69628125 0.42120833333333335 0.03825 0.03729166666666666
0 0.6801875 0.448875 0.046625 0.03745833333333334
0 0.9380000000000001 0.29116666666666663 0.01596875 0.018166666666666668
0 0.3044375 0.8554583333333333 0.19225 0.041291666666666664
0 0.72509375 0.41079166666666667 0.03540625 0.033375
0 0.8383749999999999 0.37595833333333334 0.047093750000000004 0.036625
0 0.7739375 0.3720833333333333 0.0386875 0.029249999999999998
0 0.69728125 0.28891666666666665 0.01653125 0.01425
0 0.84471875 0.34962499999999996 0.04384375 0.03741666666666667
0 0.74771875 0.4683333333333334 0.07228124999999999 0.07554166666666666
0 0.7845 0.41362499999999996 0.05209375000000001 0.05120833333333333
0 0.82290625 0.41579166666666667 0.03384375 0.03820833333333333
1 0.4925 0.6709999999999999 0.26106250000000003 0.10070833333333334