0 0.5751875 0.7165833333333332 0.1204375 0.09983333333333334
0 0.52146875 0.6883750000000001 0.18228125 0.10416666666666667
0 0.45303125 0.6099166666666667 0.071375 0.08070833333333334
0 0.72965625 0.48362499999999997 0.061750000000000006 0.07991666666666666
0 0.56103125 0.342125 0.02446875 0.026791666666666665
0 0.23500000000000001 0.43162500000000004 0.0395 0.04183333333333333
0 0.01 0.4795 0.01996875 0.06279166666666666
0 0.192625 0.44487499999999996 0.04425 0.04683333333333333
0 0.12890625 0.444125 0.042312499999999996 0.036458333333333336
0 0.6484375 0.3107083333333333 0.025500000000000002 0.025500000000000002
0 0.09181249999999999 0.4804583333333333 0.05990625000000001 0.0495
0 0.24181249999999999 0.81575 0.11065624999999998 0.10904166666666668
0 0.7104375 0.5215 0.0578125 0.049666666666666665
0 0.67821875 0.7232916666666667 0.10321875 0.10775
0 0.08690624999999999 0.44825 0.0454375 0.034333333333333334
0 0.5961875 0.5075 0.05965625 0.043875
0 0.630375 0.484375 0.06525 0.056416666666666664
0 0.1481875 0.8522083333333333 0.12659375 0.04441666666666667
0 0.77196875 0.4651666666666667 0.0251875 0.03983333333333334
0 0.333 0.7447916666666666 0.10521875 0.108875
0 0.9355625 0.29183333333333333 0.01753125 0.019125
0 0.6465 0.4658333333333333 0.058125 0.043041666666666666
0 0.7158125 0.42120833333333335 0.03575 0.03170833333333333
0 0.6123125 0.3234166666666667 0.028437499999999998 0.021208333333333333
0 0.74025 0.4033333333333333 0.0355 0.030125000000000002
0 0.78059375 0.420375 0.041499999999999995 0.043458333333333335
0 0.67628125 0.588 0.07684375 0.05495833333333333
0 0.76121875 0.3815 0.034375 0.027375
0 0.67871875 0.4453333333333333 0.0406875 0.043291666666666666
0 0.8569375000000001 0.31283333333333335 0.024125 0.024333333333333332
0 0.78221875 0.370125 0.029218749999999998 0.02775
0 0.88184375 0.3234166666666667 0.02471875 0.027791666666666666
0 0.8217812500000001 0.39158333333333334 0.0365625 0.03225
0 0.8139687500000001 0.34308333333333335 0.02590625 0.029166666666666667
0 0.9018437499999999 0.2942916666666667 0.0251875 0.028833333333333332
0 0.682125 0.42641666666666667 0.03634375 0.03133333333333333
1 0.5377500000000001 0.70875 0.22134375 0.15016666666666667
0 0.49478125000000006 0.6024166666666667 0.06118749999999999 0.05554166666666667
0 0.8144375 0.421875 0.02865625 0.027791666666666666