0 0.43390625 0.602 0.09309375 0.06858333333333334
0 0.46287500000000004 0.6237083333333333 0.07943750000000001 0.06858333333333334
0 0.67675 0.43845833333333334 0.05109375000000001 0.03966666666666666
0 0.43237500000000006 0.6591666666666666 0.081375 0.07029166666666667
0 0.60596875 0.527 0.042625 0.046
0 0.01846875 0.473 0.0359375 0.036083333333333335
0 0.06621875 0.48275 0.05225 0.04741666666666667
0 0.10931249999999999 0.47720833333333335 0.042375 0.04020833333333333
0 0.6591875 0.46320833333333333 0.04821875 0.03741666666666667
0 0.70946875 0.43 0.032718750000000005 0.035333333333333335
0 0.15234375 0.44204166666666667 0.03896875 0.03183333333333333
0 0.57228125 0.5351666666666667 0.057999999999999996 0.051666666666666666
0 0.37571875 0.6920416666666667 0.0965625 0.06441666666666666
0 0.7001875 0.47850000000000004 0.051000000000000004 0.043875
0 0.31225 0.7389166666666667 0.09912499999999999 0.08070833333333334
0 0.8002812499999999 0.41633333333333333 0.041625 0.049041666666666664
0 0.15040625000000002 0.8424583333333333 0.094 0.06325
0 0.23743750000000002 0.783875 0.10796874999999999 0.08779166666666667
0 0.86525 0.2997916666666667 0.019125 0.02
0 0.76221875 0.39225 0.040375 0.03295833333333333
0 0.61278125 0.606125 0.07653125 0.0875
0 0.68065625 0.7265833333333334 0.1171875 0.10716666666666666
0 0.6274375 0.31933333333333336 0.02615625 0.03325
0 0.745125 0.39941666666666664 0.0376875 0.03283333333333333
0 0.8276249999999999 0.338875 0.0318125 0.03529166666666667
0 0.42796874999999995 0.8235833333333333 0.1331875 0.10320833333333333
0 0.71825 0.5299583333333333 0.0670625 0.062875
0 0.80175 0.3606666666666667 0.03409375 0.03104166666666667
0 0.755875 0.45508333333333334 0.06428125 0.07362500000000001
0 0.5854375 0.33366666666666667 0.02665625 0.023625
0 0.8530312500000001 0.34929166666666667 0.04015625 0.042166666666666665
0 0.9355625 0.28808333333333336 0.015062500000000001 0.0165
0 0.8891562499999999 0.32095833333333335 0.0249375 0.029833333333333333
0 0.87890625 0.33529166666666665 0.027687499999999997 0.032375
0 0.8979374999999999 0.29720833333333335 0.022125 0.022041666666666668
0 0.8295937500000001 0.4023333333333333 0.021281249999999998 0.034083333333333334
0 0.78565625 0.36783333333333335 0.035562500000000004 0.028125
0 0.71778125 0.40529166666666666 0.02371875 0.028625
4 0.4420625 0.6327916666666666 0.11978124999999999 0.13195833333333334
4 0.5973437500000001 0.5794166666666667 0.11915625 0.15016666666666667
4 0.7301562500000001 0.47179166666666666 0.18815625 0.18141666666666667