0 0.5185625 0.6909583333333333 0.15821875000000002 0.09895833333333333
0 0.560875 0.7100833333333333 0.13346875 0.08679166666666666
1 0.5345 0.6996666666666667 0.196625 0.13020833333333334
0 0.32356250000000003 0.7447916666666666 0.11068750000000001 0.10591666666666667
0 0.67578125 0.724625 0.10246875 0.105375
0 0.67384375 0.5914583333333333 0.0834375 0.07791666666666666
0 0.446375 0.6103333333333333 0.0723125 0.06841666666666667
0 0.09271875 0.4782083333333333 0.05109375000000001 0.04504166666666667
0 0.70753125 0.5244166666666666 0.055125 0.050625
0 0.2680625 0.7929583333333333 0.093875 0.08495833333333333
0 0.240125 0.43554166666666666 0.037375000000000005 0.034499999999999996
0 0.629875 0.4882916666666667 0.060843749999999995 0.05216666666666667
0 0.197875 0.4436666666666667 0.0388125 0.035666666666666666
0 0.73046875 0.488625 0.07021875 0.08254166666666667
0 0.59228125 0.5091249999999999 0.05184375 0.039749999999999994
0 0.23265625 0.8216249999999999 0.114375 0.10775
0 0.1325625 0.8587083333333333 0.1141875 0.035083333333333334
0 0.15040625000000002 0.46191666666666664 0.04553125 0.03754166666666667
0 0.13428125 0.442375 0.0413125 0.03175
0 0.771 0.46779166666666666 0.024656249999999998 0.038875
0 0.5551875 0.3411666666666667 0.03409375 0.030875
0 0.09175 0.446625 0.04303125 0.037333333333333336
0 0.0136875 0.48241666666666666 0.02728125 0.060000000000000005
0 0.49412500000000004 0.60675 0.05600000000000001 0.05554166666666667
0 0.6731874999999999 0.46225 0.0390625 0.04254166666666667
0 0.68165625 0.4257916666666667 0.0350625 0.02975
0 0.8203125 0.39325 0.03303125 0.02804166666666667
0 0.70996875 0.414375 0.038125 0.02975
0 0.78321875 0.3724166666666667 0.03228125 0.028
0 0.73878125 0.4033333333333333 0.034437499999999996 0.028874999999999998
0 0.8130000000000001 0.42283333333333334 0.02296875 0.029458333333333333
0 0.65234375 0.313 0.02365625 0.024583333333333336
0 0.85546875 0.313625 0.0245625 0.025083333333333332
0 0.8130000000000001 0.3424583333333333 0.029031249999999998 0.029500000000000002
0 0.76121875 0.38183333333333336 0.03528125 0.027875
0 0.61328125 0.32275 0.029218749999999998 0.021958333333333333
0 0.78028125 0.42012499999999997 0.048843750000000005 0.050333333333333334
0 0.838875 0.35220833333333335 0.042875 0.037125