0 0.5778125000000001 0.6966249999999999 0.14128125 0.11545833333333334
0 0.542 0.6749166666666666 0.16340625 0.096375
0 0.67821875 0.5804166666666667 0.07890625 0.07895833333333332
0 0.40356249999999994 0.7161666666666666 0.10106250000000001 0.10170833333333333
0 0.28978125 0.7773333333333333 0.10340625 0.10133333333333333
0 0.48584375 0.5917916666666667 0.0699375 0.06824999999999999
0 0.208875 0.828125 0.12684375 0.09154166666666666
0 0.056125 0.4947916666666667 0.06231250000000001 0.04666666666666666
0 0.53028125 0.5902916666666667 0.050124999999999996 0.06425
0 0.64646875 0.4700416666666667 0.05728124999999999 0.041041666666666664
0 0.213 0.44858333333333333 0.034937499999999996 0.034166666666666665
0 0.71875 0.514 0.05759375 0.04933333333333333
0 0.609375 0.5 0.056125 0.040125
0 0.1095 0.457375 0.0421875 0.04604166666666667
0 0.17346875 0.45379166666666665 0.04453125 0.042499999999999996
0 0.8198124999999999 0.4179583333333333 0.027968749999999997 0.034416666666666665
0 0.609875 0.3282916666666667 0.02296875 0.019791666666666666
0 0.64990625 0.31754166666666667 0.024781249999999998 0.024083333333333335
0 0.776375 0.46158333333333335 0.02278125 0.043125
0 0.06953125 0.4592916666666667 0.04803125 0.04658333333333333
0 0.55275 0.345375 0.02996875 0.02775
0 0.7373125 0.47570833333333334 0.06575 0.07291666666666667
0 0.8418125 0.3515833333333333 0.040625 0.035791666666666666
0 0.7216875 0.41733333333333333 0.0371875 0.035333333333333335
0 0.74853125 0.404625 0.04009375 0.0365
0 0.69090625 0.42741666666666667 0.0365625 0.043875
0 0.6829375 0.7300416666666667 0.09243749999999999 0.10070833333333334
1 0.55534375 0.6922916666666666 0.19790625 0.13629166666666667