0 0.319 0.6384583333333332 0.08853124999999999 0.07725
0 0.3893125 0.693125 0.08725000000000001 0.08075
0 0.5444375 0.5549999999999999 0.0604375 0.05304166666666667
0 0.17896875 0.834 0.11962500000000001 0.07733333333333332
0 0.3200625 0.7304583333333333 0.09721874999999999 0.065125
0 0.05675 0.4635416666666667 0.047093750000000004 0.033499999999999995
0 0.14953125 0.4645 0.037375000000000005 0.03841666666666667
0 0.662125 0.45766666666666667 0.04878125 0.04633333333333333
0 0.68115625 0.7239583333333334 0.11065624999999998 0.10408333333333333
0 0.10596874999999999 0.471375 0.043125000000000004 0.043875
0 0.7109375 0.48925 0.0496875 0.04441666666666667
0 0.588375 0.6168750000000001 0.07171875 0.058333333333333334
0 0.703625 0.5491666666666667 0.06890625 0.057625
0 0.63621875 0.32145833333333335 0.024656249999999998 0.021791666666666668
0 0.18153125 0.4349166666666667 0.03209375 0.021125
0 0.75 0.457375 0.06596874999999999 0.06775
0 0.38646875 0.8209583333333333 0.1696875 0.11004166666666666
0 0.848625 0.348625 0.0416875 0.035124999999999997
0 0.630875 0.476875 0.02859375 0.030166666666666668
0 0.692375 0.43845833333333334 0.0384375 0.03383333333333333
0 0.8266562499999999 0.41079166666666667 0.02334375 0.030375
0 0.031718750000000004 0.5005416666666667 0.05190625 0.04491666666666667
0 0.25325000000000003 0.7747499999999999 0.10415624999999999 0.08595833333333333
0 0.5805625 0.5445833333333333 0.04803125 0.048374999999999994
0 0.64503125 0.4726666666666667 0.04940625 0.04004166666666666
0 0.4506875 0.6517083333333333 0.0865 0.08666666666666667
0 0.59765625 0.32975 0.02303125 0.0235
0 0.01553125 0.47850000000000004 0.03078125 0.05216666666666667
0 0.9369999999999999 0.2874166666666667 0.01496875 0.017374999999999998
0 0.73340625 0.407875 0.0365 0.03691666666666667
0 0.75634375 0.39616666666666667 0.039781250000000004 0.034749999999999996
0 0.7793125 0.370125 0.035625000000000004 0.027125
0 0.6635625 0.29004166666666664 0.022375 0.015458333333333333
0 0.817375 0.34962499999999996 0.031875 0.032625
0 0.70653125 0.41179166666666667 0.032468750000000005 0.03383333333333333
0 0.86425 0.31004166666666666 0.02346875 0.026583333333333334
0 0.8002812499999999 0.35904166666666665 0.02971875 0.028333333333333332
4 0.35546875 0.6705833333333333 0.171875 0.13804166666666667