0 0.5169374999999999 0.7217916666666666 0.147125 0.11370833333333333
0 0.61653125 0.7209166666666668 0.06509374999999999 0.12066666666666667
0 0.42415624999999996 0.6163333333333333 0.074875 0.07291666666666667
0 0.68946875 0.7278749999999999 0.0989375 0.10333333333333333
0 0.47509375 0.6139166666666667 0.05625 0.05483333333333333
0 0.10559375 0.473625 0.04725 0.0465
0 0.58740625 0.5175833333333333 0.05965625 0.042708333333333334
0 0.67871875 0.5966666666666666 0.08446875000000001 0.07995833333333334
0 0.23634375 0.8170416666666667 0.10725 0.08991666666666666
0 0.02284375 0.480125 0.0456875 0.06949999999999999
0 0.21400000000000002 0.439125 0.04321875 0.036166666666666666
0 0.56346875 0.3401666666666667 0.03209375 0.02745833333333333
0 0.7055625 0.5319166666666667 0.06009375 0.05216666666666667
0 0.1434375 0.4404166666666667 0.0399375 0.0325
0 0.63721875 0.47625 0.0570625 0.04666666666666666
0 0.61915625 0.32325 0.024781249999999998 0.021041666666666667
0 0.65575 0.3139583333333333 0.02278125 0.021374999999999998
0 0.76903125 0.4700416666666667 0.0270625 0.04004166666666666
0 0.27759375 0.76825 0.11981250000000002 0.11637499999999999
0 0.78271875 0.42774999999999996 0.05059375000000001 0.04675
0 0.24903124999999998 0.4349166666666667 0.035625000000000004 0.03333333333333333
0 0.10106250000000001 0.4495416666666667 0.04409375 0.044708333333333336
0 0.537125 0.34570833333333334 0.022 0.026708333333333334
0 0.69140625 0.4492083333333333 0.05696875 0.04720833333333333
0 0.7109375 0.4245 0.038906249999999996 0.030916666666666665
0 0.7495 0.50975 0.03303125 0.043875
0 0.73584375 0.40658333333333335 0.03725 0.029333333333333333
0 0.8217812500000001 0.39291666666666664 0.0333125 0.029208333333333333
0 0.20203125000000002 0.836375 0.103375 0.07866666666666666
0 0.75928125 0.3828333333333333 0.037375000000000005 0.02775
0 0.671875 0.46158333333333335 0.032218750000000004 0.043541666666666666
0 0.85840625 0.31462500000000004 0.02084375 0.021458333333333336
0 0.9350625000000001 0.29362499999999997 0.017374999999999998 0.01954166666666667
0 0.682125 0.42904166666666665 0.03875 0.029666666666666668
1 0.5498125 0.7239583333333334 0.21809375000000003 0.13366666666666666
0 0.8424375 0.3606666666666667 0.04296875 0.04775
0 0.7799375000000001 0.37283333333333335 0.03384375 0.032125