0 0.328125 0.6358333333333334 0.08071874999999999 0.08245833333333333
0 0.6801875 0.7259166666666667 0.10484374999999999 0.10245833333333333
0 0.74903125 0.45866666666666667 0.06096875 0.068375
0 0.3930625 0.6927083333333334 0.08375 0.0735
0 0.18309375 0.8326666666666667 0.11474999999999999 0.08158333333333333
0 0.709 0.4882916666666667 0.051000000000000004 0.043791666666666666
0 0.66603125 0.457375 0.049125 0.04704166666666666
0 0.0541875 0.467125 0.047093750000000004 0.03679166666666667
0 0.45509374999999996 0.6500833333333333 0.0780625 0.08766666666666666
0 0.3251875 0.7265833333333334 0.0984375 0.06525
0 0.38940625 0.818375 0.16699999999999998 0.112625
0 0.25196874999999996 0.7819166666666667 0.10484374999999999 0.085625
0 0.1480625 0.46679166666666666 0.038343749999999996 0.03808333333333334
0 0.5449375 0.5495 0.05696875 0.057625
0 0.1796875 0.435875 0.03353125 0.022125
0 0.8491250000000001 0.34962499999999996 0.042375 0.03779166666666667
0 0.013375000000000001 0.47200000000000003 0.02678125 0.04045833333333334
0 0.79296875 0.4157083333333333 0.039718750000000004 0.04829166666666666
0 0.58984375 0.619125 0.07365625 0.06775
0 0.5950624999999999 0.329375 0.02059375 0.022125
0 0.02809375 0.5020416666666666 0.055125 0.03908333333333334
0 0.6329687500000001 0.3188333333333333 0.02740625 0.02795833333333333
0 0.70896875 0.5390833333333334 0.05940625000000001 0.06445833333333334
0 0.692375 0.43783333333333335 0.041625 0.033499999999999995
0 0.1048125 0.4735416666666667 0.0455625 0.04429166666666667
0 0.5800625 0.5472916666666666 0.046875 0.040791666666666664
0 0.64225 0.4765833333333333 0.05275 0.03991666666666667
0 0.8278125 0.411875 0.02409375 0.028666666666666667
0 0.786125 0.44075000000000003 0.0255625 0.037000000000000005
0 0.8012812500000001 0.35870833333333335 0.02753125 0.026916666666666665
0 0.77978125 0.36912500000000004 0.034499999999999996 0.026583333333333334
0 0.8188437499999999 0.348625 0.03003125 0.03175
0 0.7578125 0.3955 0.03875 0.034083333333333334
0 0.8842812500000001 0.3310416666666667 0.025031249999999998 0.029166666666666667
0 0.734875 0.40720833333333334 0.03534375 0.036375000000000005
0 0.8979374999999999 0.299625 0.020874999999999998 0.02
0 0.86425 0.31004166666666666 0.02315625 0.027416666666666666
0 0.70946875 0.4105 0.031093749999999996 0.03275
0 0.8471562499999999 0.3714166666666667 0.032718750000000005 0.03395833333333333
0 0.76221875 0.41341666666666665 0.03690625 0.038
4 0.38184375 0.6714583333333334 0.22459375 0.16929166666666667
4 0.7610625 0.4140833333333333 0.27734375 0.21875