0 0.6855625 0.7235416666666666 0.10415624999999999 0.11720833333333333
0 0.19275 0.8261666666666667 0.11903125 0.09091666666666667
0 0.59325 0.626625 0.07921875 0.08666666666666667
0 0.70753125 0.5400416666666668 0.06903125 0.06937499999999999
0 0.40234375 0.6881666666666667 0.09009375 0.08220833333333334
0 0.2624375 0.7727916666666667 0.10821875 0.08616666666666667
0 0.333 0.7232916666666667 0.09753125 0.06937499999999999
0 0.45118749999999996 0.6461666666666667 0.08509375 0.08587499999999999
0 0.5493125 0.5472083333333334 0.05921875 0.0565
0 0.33715625 0.637375 0.08740624999999999 0.08633333333333333
0 0.10015624999999999 0.476875 0.0533125 0.04604166666666667
0 0.58496875 0.5400416666666668 0.0479375 0.04558333333333333
0 0.7085 0.48666666666666664 0.052437500000000005 0.04658333333333333
0 0.14356249999999998 0.46841666666666665 0.036 0.039375
0 0.6328125 0.32079166666666664 0.0258125 0.026333333333333334
0 0.0454375 0.46808333333333335 0.04803125 0.036833333333333336
0 0.1739375 0.43945833333333334 0.03753125 0.028374999999999997
0 0.651375 0.470375 0.050812500000000003 0.04254166666666667
0 0.59425 0.33041666666666664 0.02146875 0.022791666666666665
0 0.39771875 0.8137916666666667 0.1645625 0.12054166666666667
0 0.5341875 0.3532083333333333 0.027625 0.024458333333333335
0 0.013000000000000001 0.48275 0.026000000000000002 0.05475
0 0.69921875 0.43945833333333334 0.034875 0.036625
0 0.7505 0.4568333333333333 0.06015625 0.05604166666666666
0 0.8481562500000001 0.34962499999999996 0.039125 0.03741666666666667
0 0.79590625 0.408875 0.04384375 0.051875
0 0.7631875 0.41733333333333333 0.0419375 0.04495833333333333
0 0.73584375 0.4091666666666667 0.0378125 0.0355
0 0.86425 0.3085833333333333 0.02409375 0.02875
0 0.78175 0.36816666666666664 0.03796875 0.026500000000000003
0 0.020874999999999998 0.4635416666666667 0.02809375 0.03333333333333333
0 0.8095625 0.3564583333333333 0.03209375 0.029333333333333333
0 0.8891562499999999 0.32129166666666664 0.024125 0.030125000000000002
0 0.8965 0.3007916666666667 0.021281249999999998 0.019791666666666666
4 0.3903125 0.6545000000000001 0.21028125000000003 0.142375
0 0.9360312499999999 0.28712499999999996 0.01590625 0.016958333333333336
4 0.57746875 0.586375 0.1171875 0.17620833333333333
4 0.6920625 0.5004166666666666 0.12109375 0.15537499999999999
4 0.7737499999999999 0.432625 0.102125 0.10437500000000001