0 0.5075000000000001 0.7157083333333334 0.153 0.12933333333333333
0 0.43228125000000006 0.72875 0.1171875 0.12066666666666667
0 0.05059375000000001 0.4804583333333333 0.06021875 0.050124999999999996
0 0.1985 0.837875 0.10968750000000001 0.073875
0 0.6958125 0.7304583333333333 0.12315625 0.11125
0 0.68846875 0.5914583333333333 0.07434375 0.04883333333333333
0 0.7262500000000001 0.495875 0.07025 0.08158333333333333
0 0.04009375 0.459625 0.05175 0.038
0 0.40259375000000003 0.6321666666666667 0.07921875 0.07920833333333334
0 0.57909375 0.5240833333333333 0.06009375 0.04791666666666667
0 0.2631875 0.43066666666666664 0.03403125 0.03283333333333333
0 0.568375 0.338875 0.03378125 0.029333333333333333
0 0.78271875 0.43 0.05290625 0.050333333333333334
0 0.452625 0.6237083333333333 0.05603125 0.05579166666666667
0 0.16784375 0.44595833333333335 0.065375 0.04775
0 0.66503125 0.4661666666666667 0.0350625 0.040749999999999995
0 0.13159375 0.46875 0.0604375 0.04666666666666666
0 0.23109375000000001 0.4362083333333333 0.042625 0.03691666666666667
0 0.6489375 0.473625 0.0378125 0.04083333333333334
0 0.6791875 0.45408333333333334 0.042562499999999996 0.043375000000000004
0 0.11046875 0.44725000000000004 0.04303125 0.043625000000000004
0 0.76415625 0.4749166666666667 0.02915625 0.042791666666666665
0 0.625 0.32275 0.02315625 0.020083333333333335
0 0.5449375 0.3473333333333333 0.013343749999999998 0.0235
0 0.7011875 0.42533333333333334 0.04296875 0.034708333333333334
0 0.7044374999999999 0.5377500000000001 0.06118749999999999 0.056416666666666664
1 0.48015625 0.7165833333333332 0.22200000000000003 0.13799999999999998
0 0.7324375 0.4179583333333333 0.03646875 0.04254166666666667
0 0.7561875 0.388 0.030593749999999996 0.03125
0 0.23112499999999997 0.783875 0.11587499999999999 0.12325
0 0.16209374999999998 0.8489583333333334 0.10287500000000001 0.048625
0 0.6168750000000001 0.49654166666666666 0.05275 0.057291666666666664