0 0.43328125 0.7300416666666667 0.11653125 0.13020833333333334
0 0.390125 0.6363749999999999 0.0809375 0.077625
0 0.5703125 0.5289583333333333 0.059312500000000004 0.04658333333333333
0 0.567875 0.33820833333333333 0.03359375 0.028458333333333332
0 0.69140625 0.6139166666666667 0.0883125 0.08220833333333334
0 0.1141875 0.445625 0.0360625 0.039375
0 0.275625 0.4280416666666667 0.021374999999999998 0.035124999999999997
0 0.604 0.5006666666666667 0.12171875000000001 0.10074999999999999
0 0.5449375 0.3424583333333333 0.01971875 0.027583333333333335
0 0.7421875 0.525375 0.037375000000000005 0.03841666666666667
0 0.23878125 0.432625 0.04353125 0.03779166666666667
0 0.16334375 0.8476666666666667 0.1434375 0.05625
0 0.05728124999999999 0.4739583333333333 0.07159375 0.06104166666666667
0 0.16334375 0.4387916666666667 0.040531250000000005 0.03679166666666667
0 0.14134375 0.46679166666666666 0.06096875 0.043291666666666666
0 0.6538125 0.47462499999999996 0.04346875 0.042416666666666665
0 0.6255 0.32241666666666663 0.022375 0.021708333333333333
0 0.766125 0.4791666666666667 0.025 0.048666666666666664
0 0.63671875 0.31333333333333335 0.0730625 0.042166666666666665
0 0.67284375 0.45475 0.040531250000000005 0.045375000000000006
0 0.70653125 0.7337083333333333 0.12250000000000001 0.11125
0 0.807625 0.4313333333333333 0.014124999999999999 0.029208333333333333
0 0.47584375 0.625 0.08740624999999999 0.060333333333333336
0 0.82325 0.3945416666666667 0.04146875 0.034541666666666665
0 0.038906249999999996 0.45508333333333334 0.03803125 0.03025
0 0.69971875 0.543625 0.06409375 0.0555
0 0.7583125 0.5022916666666667 0.03396875 0.058916666666666666
0 0.9345625 0.2955833333333333 0.016718749999999998 0.019166666666666665
0 0.50975 0.727 0.1575625 0.14670833333333333
1 0.48015625 0.72875 0.23503124999999997 0.15191666666666667