0 0.44953125 0.716125 0.13215625 0.11283333333333333
0 0.53809375 0.7126666666666667 0.16471875 0.16666666666666666
1 0.5035937500000001 0.7157083333333334 0.24284374999999997 0.17275000000000001
0 0.2405625 0.7799583333333333 0.11915625 0.11195833333333334
0 0.69434375 0.7306666666666667 0.1223125 0.1115
0 0.40453124999999995 0.6285833333333334 0.076125 0.073875
0 0.0413125 0.4739583333333333 0.0626875 0.06170833333333334
0 0.688 0.6070833333333333 0.080625 0.07920833333333334
0 0.1271875 0.46875 0.061312500000000006 0.04633333333333333
0 0.56590625 0.338875 0.03278125 0.029083333333333336
0 0.5805625 0.523125 0.061312500000000006 0.046
0 0.10706249999999999 0.44725000000000004 0.04209375 0.043958333333333335
0 0.7011875 0.5367916666666667 0.059750000000000004 0.051375
0 0.45653125 0.6214166666666666 0.05450000000000001 0.050708333333333334
0 0.22778125 0.43554166666666666 0.0395 0.03558333333333333
0 0.1539375 0.43845833333333334 0.0419375 0.031125
0 0.61134375 0.5 0.06321875 0.0555
0 0.65625 0.31345833333333334 0.02225 0.022208333333333333
0 0.2605 0.426125 0.03403125 0.042708333333333334
0 0.76659375 0.47462499999999996 0.026750000000000003 0.044625000000000005
0 0.54246875 0.3450416666666667 0.017781250000000002 0.025166666666666667
0 0.63134375 0.4782083333333333 0.05428125 0.04591666666666667
0 0.67628125 0.45279166666666665 0.044187500000000005 0.04791666666666667
0 0.6225625 0.32225000000000004 0.023875 0.020958333333333336
0 0.93359375 0.29474999999999996 0.01784375 0.019874999999999997
0 0.8564375 0.31675 0.02203125 0.022125
0 0.90234375 0.28891666666666665 0.02228125 0.019958333333333335
0 0.20378124999999997 0.8290000000000001 0.11459375000000001 0.08854166666666667
0 0.80665625 0.4257916666666667 0.02484375 0.03175
0 0.70753125 0.4297083333333333 0.0373125 0.031625
0 0.75390625 0.3867083333333333 0.03575 0.028458333333333332
0 0.164375 0.852 0.097 0.052958333333333336
0 0.7747499999999999 0.428375 0.05728124999999999 0.04775
0 0.7301562500000001 0.40712499999999996 0.035812500000000004 0.036458333333333336
0 0.77278125 0.37154166666666666 0.0234375 0.029500000000000002
0 0.83790625 0.35775 0.0489375 0.044708333333333336
0 0.8125 0.3398333333333333 0.02784375 0.026166666666666668
0 0.796375 0.3688333333333333 0.028875 0.02575
0 0.8627812499999999 0.3450416666666667 0.02665625 0.03104166666666667
0 0.8803750000000001 0.325375 0.028375 0.03133333333333333
0 0.73046875 0.4495416666666667 0.056125 0.043791666666666666
0 0.82128125 0.394875 0.03303125 0.03141666666666667
0 0.8984375 0.30175 0.0235 0.02783333333333333
0 0.71940625 0.49304166666666666 0.07162500000000001 0.07291666666666667