0 0.3771875 0.5789814814814814 0.414375 0.3657962962962963
0 0.21458333333333332 0.43769444444444444 0.20416666666666666 0.2783611111111111
0 0.30104166666666665 0.3386018518518519 0.16458333333333333 0.1949814814814815
3 0.415625 0.36749074074074073 0.06041666666666667 0.14905555555555555
3 0.3669791666666667 0.3656388888888889 0.06104166666666667 0.09349074074074074
3 0.23447916666666666 0.24858333333333335 0.04604166666666667 0.08160185185185184
3 0.7126041666666667 0.8872222222222222 0.223125 0.22555555555555554
0 0.8984375 0.6647685185185186 0.203125 0.2510092592592592
0 0.8807291666666667 0.8585185185185186 0.23854166666666668 0.28296296296296297
0 0.56 0.35064814814814815 0.13666666666666666 0.28944444444444445
0 0.6797916666666667 0.27967592592592594 0.11125 0.19694444444444442
4 0.32447916666666665 0.5342037037037037 0.4010416666666667 0.4676759259259259