0 0.22437500000000002 0.4328796296296296 0.24458333333333335 0.26131481481481483
0 0.3697916666666667 0.3876481481481482 0.20625 0.243962962962963
0 0.2409375 0.7474074074074074 0.47145833333333337 0.5051851851851852
0 0.9036458333333334 0.8566666666666667 0.19270833333333334 0.2866666666666667
3 0.6938541666666667 0.8557407407407408 0.2189583333333333 0.28851851851851856
3 0.5546875 0.5284537037037037 0.12729166666666666 0.2598611111111111
0 0.6763541666666666 0.40546296296296297 0.11729166666666666 0.17685185185185184
0 0.5664583333333333 0.35821296296296296 0.14625000000000002 0.1287685185185185
3 0.6791666666666667 0.5954907407407407 0.11666666666666667 0.23839814814814816
3 0.7733333333333333 0.5932685185185186 0.08833333333333333 0.1895
0 0.09125 0.2341388888888889 0.0575 0.10456481481481482
0 0.76875 0.34803703703703703 0.05416666666666667 0.11386111111111111