0 0.22145833333333334 0.4180185185185185 0.26125000000000004 0.28691666666666665
0 0.25854166666666667 0.29783333333333334 0.15375 0.10877777777777778
0 0.6058333333333333 0.6728703703703705 0.36333333333333334 0.3698148148148148
3 0.39958333333333335 0.39210185185185187 0.0925 0.1609814814814815
3 0.5245833333333334 0.41914814814814816 0.12583333333333332 0.14393518518518517
0 0.564375 0.34432407407407406 0.15041666666666667 0.10099074074074073
0 0.7042708333333334 0.3819166666666667 0.11020833333333332 0.15542592592592594
3 0.6485416666666667 0.4504444444444445 0.09874999999999999 0.0998425925925926
3 0.905625 0.8138611111111111 0.18208333333333335 0.23438888888888887
0 0.8742708333333333 0.6839907407407407 0.22854166666666667 0.28832407407407407
0 0.8875 0.9344444444444445 0.225 0.1311111111111111