0 0.23010416666666667 0.44250925925925927 0.233125 0.2509444444444444
0 0.10572916666666667 0.2196759259259259 0.053125 0.09473148148148149
3 0.4907291666666667 0.5956851851851852 0.116875 0.24987962962962965
3 0.69125 0.8983333333333334 0.24916666666666665 0.20333333333333334
0 0.7877083333333333 0.7952962962962963 0.36208333333333337 0.3805277777777778
0 0.8326041666666666 0.6463796296296297 0.3202083333333333 0.3968703703703704
0 0.5454166666666667 0.3263425925925926 0.18416666666666667 0.22212037037037036
0 0.7668750000000001 0.33284259259259263 0.07041666666666666 0.10173148148148149
0 0.6760416666666667 0.2811574074074074 0.10208333333333333 0.16435185185185186
3 0.23947916666666666 0.26523148148148146 0.060625000000000005 0.09989814814814815
3 0.17177083333333334 0.23374999999999999 0.050208333333333334 0.0813888888888889