0 0.3545833333333333 0.33746296296296296 0.1575 0.18507407407407406
0 0.22791666666666668 0.4104351851851852 0.24416666666666667 0.23913888888888887
0 0.10416666666666667 0.8066666666666668 0.20833333333333334 0.3866666666666667
3 0.4888541666666667 0.6037962962962963 0.174375 0.2375925925925926
3 0.6702083333333333 0.8293796296296296 0.23041666666666666 0.2530833333333333
3 0.6547916666666667 0.6730648148148148 0.12791666666666665 0.19535185185185183
3 0.8572916666666667 0.8421574074074074 0.13958333333333334 0.26086111111111115
3 0.8322916666666667 0.6171296296296296 0.13958333333333334 0.19610185185185183
0 0.9661458333333334 0.8557407407407408 0.06770833333333333 0.28851851851851856
0 0.1125 0.2226388888888889 0.058333333333333334 0.07398148148148148
3 0.16770833333333332 0.2709814814814815 0.06875 0.09952777777777777
3 0.19677083333333334 0.22430555555555556 0.041875 0.08916666666666666
0 0.5883333333333333 0.4639351851851852 0.38999999999999996 0.5654629629629631