0 0.6125 0.6905185185185185 0.35 0.3358518518518519
0 0.8139583333333333 0.6060092592592593 0.24291666666666664 0.30724074074074076
3 0.6948958333333334 0.8825925925925926 0.266875 0.2348148148148148
3 0.915625 0.8631481481481482 0.16875 0.2737037037037037
3 0.5728125 0.42933333333333334 0.09395833333333334 0.14949074074074073
0 0.5821875 0.35562037037037036 0.17104166666666665 0.1265462962962963
0 0.22458333333333333 0.42969444444444443 0.2175 0.27469444444444446
0 0.1859375 0.25375000000000003 0.121875 0.10064814814814815
0 0.77875 0.32043518518518516 0.042499999999999996 0.07099074074074074
3 0.11958333333333333 0.8316666666666667 0.23916666666666667 0.33666666666666667
3 0.27125 0.29544444444444445 0.059166666666666666 0.10867592592592593
3 0.3172916666666667 0.3517314814814815 0.06958333333333333 0.14912037037037038