0 0.7703125 0.6784814814814815 0.34270833333333334 0.3599259259259259
3 0.9102083333333333 0.6229074074074075 0.10791666666666666 0.23396296296296296
0 0.2296875 0.43528703703703703 0.25729166666666664 0.29206481481481483
0 0.1925 0.7714814814814815 0.385 0.4570370370370371
0 0.7575000000000001 0.28840740740740745 0.056666666666666664 0.15014814814814814
0 0.5927083333333333 0.3108148148148148 0.13125 0.1764537037037037
0 0.3096875 0.31619444444444444 0.175625 0.22794444444444445
0 0.08291666666666667 0.21541666666666667 0.059166666666666666 0.07731481481481481
3 0.18458333333333332 0.26284259259259257 0.06916666666666667 0.12124074074074073
3 0.4216666666666667 0.42562037037037037 0.12333333333333334 0.23098148148148148
3 0.4190625 0.3659907407407407 0.08479166666666667 0.1057962962962963
3 0.5102083333333334 0.3856203703703704 0.06708333333333334 0.14801851851851852
3 0.481875 0.3386018518518519 0.06791666666666667 0.15052777777777776
3 0.4345833333333333 0.30618518518518517 0.0525 0.14125925925925925
3 0.5929166666666668 0.8390740740740741 0.3441666666666666 0.3218518518518519
0 0.9348958333333334 0.8890740740740741 0.13020833333333334 0.22185185185185186