0 0.2275 0.4295462962962963 0.22166666666666668 0.2768703703703704
0 0.4507291666666667 0.4315833333333333 0.20354166666666668 0.26983333333333337
0 0.56 0.3343425925925926 0.145 0.2272037037037037
0 0.8604166666666667 0.8220185185185185 0.2791666666666667 0.33959259259259256
0 0.12083333333333333 0.79 0.24166666666666667 0.42000000000000004
3 0.43197916666666664 0.6519907407407407 0.16604166666666667 0.33287037037037037
3 0.28 0.5340092592592592 0.12666666666666665 0.2783888888888889
3 0.04791666666666667 0.45454629629629634 0.09583333333333334 0.19724074074074074
3 0.06302083333333333 0.5939814814814814 0.12604166666666666 0.17944444444444446
3 0.8017708333333334 0.6217962962962963 0.12645833333333334 0.22433333333333333
3 0.91625 0.6417962962962963 0.11583333333333333 0.16062037037037036
0 0.7157291666666666 0.29007407407407404 0.13354166666666664 0.2090462962962963
3 0.08583333333333334 0.22562037037037036 0.07166666666666667 0.12456481481481482
3 0.19625 0.2598796296296296 0.059166666666666666 0.1005