3 0.8869791666666667 0.7287037037037037 0.08020833333333334 0.17314814814814813
0 0.7307291666666667 0.44027777777777777 0.31145833333333334 0.38796296296296295
3 0.32578125 0.6013888888888889 0.14010416666666667 0.26481481481481484
3 0.46536458333333336 0.48009259259259257 0.0859375 0.26296296296296295
3 0.5479166666666667 0.33564814814814814 0.0875 0.13703703703703704
3 0.50546875 0.23935185185185184 0.0921875 0.13333333333333333
3 0.17994791666666668 0.49444444444444446 0.22135416666666666 0.19722222222222222
3 0.18619791666666666 0.33287037037037037 0.07760416666666667 0.11666666666666667
0 0.2635416666666667 0.24722222222222223 0.1625 0.19444444444444445
0 0.28151041666666665 0.14814814814814814 0.14114583333333333 0.13796296296296295
0 0.6963541666666667 0.2611111111111111 0.20104166666666667 0.14537037037037037
0 0.7630208333333334 0.22685185185185186 0.09479166666666666 0.12129629629629629
3 0.8979166666666667 0.41805555555555557 0.05416666666666667 0.12037037037037036
3 0.9208333333333333 0.9157407407407407 0.15833333333333333 0.1685185185185185
3 0.6361979166666667 0.6620370370370371 0.23385416666666667 0.36574074074074076
2 0.7690104166666667 0.5111111111111111 0.3828125 0.4759259259259259