3 0.15729166666666666 0.55 0.24166666666666667 0.2490740740740741
3 0.25833333333333336 0.3958333333333333 0.09166666666666666 0.2574074074074074
3 0.13645833333333332 0.8638888888888889 0.25833333333333336 0.2722222222222222
3 0.89453125 0.7134259259259259 0.07760416666666667 0.15462962962962962
3 0.8927083333333333 0.4125 0.0375 0.13055555555555556
3 0.784375 0.2902777777777778 0.03333333333333333 0.0787037037037037
3 0.8265625 0.3287037037037037 0.03177083333333333 0.11388888888888889
3 0.37552083333333336 0.16296296296296298 0.07395833333333333 0.15833333333333333
3 0.36328125 0.2412037037037037 0.0765625 0.12314814814814815
0 0.5614583333333333 0.6050925925925926 0.46458333333333335 0.7611111111111111
0 0.73203125 0.475462962962963 0.32760416666666664 0.42777777777777776
2 0.7583333333333333 0.5324074074074074 0.36666666666666664 0.5361111111111111
0 0.54609375 0.2324074074074074 0.2359375 0.19722222222222222
0 0.75703125 0.23564814814814813 0.10260416666666666 0.08888888888888889
0 0.21432291666666667 0.18287037037037038 0.14010416666666667 0.13148148148148148
0 0.2591145833333333 0.12083333333333333 0.11510416666666666 0.1259259259259259