3 0.10364583333333334 0.5967592592592592 0.20729166666666668 0.3212962962962963
0 0.17421875 0.3 0.15364583333333334 0.2638888888888889
0 0.37578125 0.2601851851851852 0.18177083333333333 0.25
0 0.29322916666666665 0.11342592592592593 0.09479166666666666 0.1259259259259259
0 0.20078125 0.10648148148148148 0.1046875 0.1287037037037037
2 0.7589427083333333 0.5496851851851852 0.3575833333333333 0.4978518518518518
0 0.7575520833333333 0.4791666666666667 0.31354166666666666 0.42962962962962964
3 0.89765625 0.7217592592592592 0.10885416666666667 0.1712962962962963
0 0.5981770833333333 0.6611111111111111 0.4921875 0.6777777777777778
3 0.6755208333333333 0.23194444444444445 0.057291666666666664 0.08888888888888889
3 0.7380208333333333 0.2611111111111111 0.06979166666666667 0.08611111111111111
3 0.8963541666666667 0.40694444444444444 0.053125 0.13148148148148148