3 0.16927083333333334 0.5217592592592593 0.23645833333333333 0.2722222222222222
3 0.12708333333333333 0.8680555555555556 0.25416666666666665 0.25
3 0.584375 0.26157407407407407 0.07083333333333333 0.1925925925925926
3 0.8986979166666667 0.4162037037037037 0.04739583333333333 0.16111111111111112
0 0.7302083333333333 0.4759259259259259 0.3104166666666667 0.44166666666666665
3 0.9104166666666667 0.6902777777777778 0.09583333333333334 0.13796296296296295
0 0.7580729166666667 0.8074074074074075 0.4557291666666667 0.3851851851851852
0 0.4239583333333333 0.35694444444444445 0.225 0.31296296296296294
0 0.3346354166666667 0.1388888888888889 0.1609375 0.16203703703703703
0 0.22890625 0.14537037037037037 0.12135416666666667 0.19537037037037036
3 0.16328125 0.20416666666666666 0.06510416666666667 0.15555555555555556