0 0.10989583333333333 0.5962962962962963 0.21979166666666666 0.5518518518518518
0 0.73515625 0.46944444444444444 0.34010416666666665 0.4398148148148148
3 0.89453125 0.6944444444444444 0.0921875 0.12314814814814815
2 0.7513020833333334 0.5189814814814815 0.39739583333333334 0.5444444444444444
3 0.8997395833333334 0.41203703703703703 0.044270833333333336 0.10277777777777777
0 0.30703125 0.20972222222222223 0.1359375 0.2111111111111111
3 0.16302083333333334 0.25416666666666665 0.042708333333333334 0.11851851851851852
3 0.20390625 0.24305555555555555 0.04635416666666667 0.11851851851851852
0 0.15442708333333333 0.13703703703703704 0.0890625 0.10462962962962963
0 0.4596354166666667 0.31805555555555554 0.2328125 0.3425925925925926
3 0.58671875 0.24027777777777778 0.0484375 0.13240740740740742
4 0.4875 0.3013888888888889 0.25833333333333336 0.3398148148148148
0 0.2421875 0.13425925925925927 0.065625 0.10555555555555556