0 0.1234375 0.7590277777777777 0.2453125 0.3680555555555556
3 0.50625 0.3277777777777778 0.015625 0.05277777777777778
0 0.627734375 0.3402777777777778 0.04609375 0.08333333333333333
3 0.73203125 0.4354166666666667 0.025 0.0763888888888889
0 0.711328125 0.6458333333333334 0.11484375 0.23333333333333334
0 0.584765625 0.3125 0.03828125 0.06388888888888888
0 0.631640625 0.4444444444444444 0.06640625 0.11388888888888889
0 0.371484375 0.6986111111111111 0.17109375 0.25833333333333336
3 0.33671875 0.4673611111111111 0.0359375 0.09305555555555556
3 0.220703125 0.51875 0.04296875 0.09027777777777778
3 0.566015625 0.2833333333333333 0.009375 0.034722222222222224
0 0.61796875 0.25416666666666665 0.021875 0.030555555555555555
3 0.022265625 0.6673611111111111 0.034375 0.13194444444444445
3 0.375 0.5305555555555556 0.0421875 0.1
3 0.371484375 0.39652777777777776 0.0265625 0.08888888888888889
0 0.66015625 0.2798611111111111 0.0234375 0.04583333333333333
4 0.116796875 0.7597222222222222 0.22109375 0.36666666666666664
4 0.633984375 0.4076388888888889 0.0640625 0.2013888888888889
4 0.3734375 0.65625 0.1609375 0.36666666666666664