0 0.4171875 0.675 0.15 0.25555555555555554
0 0.553125 0.36180555555555555 0.0546875 0.0875
0 0.536328125 0.3090277777777778 0.03828125 0.059722222222222225
0 0.631640625 0.4263888888888889 0.06328125 0.10277777777777777
0 0.65 0.32916666666666666 0.0390625 0.06666666666666667
0 0.458203125 0.3763888888888889 0.07109375 0.11388888888888889
3 0.35546875 0.6041666666666666 0.046875 0.125
3 0.46015625 0.5138888888888888 0.0296875 0.06944444444444445
0 0.564453125 0.27569444444444446 0.03046875 0.04861111111111111
3 0.60625 0.34930555555555554 0.01328125 0.05694444444444444
0 0.30078125 0.5145833333333333 0.153125 0.2152777777777778
0 0.641796875 0.2965277777777778 0.02734375 0.043055555555555555
0 0.586328125 0.25277777777777777 0.02421875 0.041666666666666664
3 0.58984375 0.32430555555555557 0.01015625 0.058333333333333334
3 0.57578125 0.31527777777777777 0.0125 0.04722222222222222
3 0.605859375 0.29583333333333334 0.009375 0.043055555555555555
3 0.614453125 0.32013888888888886 0.01171875 0.05277777777777778
3 0.621875 0.2798611111111111 0.009375 0.0375
3 0.600390625 0.26319444444444445 0.0078125 0.03611111111111111
0 0.6515625 0.25833333333333336 0.02109375 0.05
0 0.623046875 0.24791666666666667 0.01328125 0.025
4 0.55546875 0.34652777777777777 0.05625 0.12777777777777777
4 0.6484375 0.3145833333333333 0.0390625 0.10138888888888889
4 0.411328125 0.6666666666666666 0.1640625 0.28055555555555556
4 0.626171875 0.39444444444444443 0.06171875 0.16527777777777777