0 0.45859375 0.3715277777777778 0.0640625 0.09305555555555556
0 0.52890625 0.3645833333333333 0.05625 0.08194444444444444
0 0.647265625 0.32569444444444445 0.04140625 0.06527777777777778
0 0.6328125 0.2965277777777778 0.0265625 0.04583333333333333
0 0.56875 0.275 0.028125 0.03888888888888889
0 0.600390625 0.28055555555555556 0.02890625 0.041666666666666664
0 0.54765625 0.2965277777777778 0.0328125 0.0375
0 0.6484375 0.2673611111111111 0.025 0.034722222222222224
3 0.171875 0.7388888888888889 0.1 0.25555555555555554
0 0.53359375 0.5722222222222222 0.1359375 0.26666666666666666
4 0.643359375 0.3034722222222222 0.04375 0.12222222222222222