0 0.103125 0.6694444444444444 0.20625 0.29444444444444445
0 0.575390625 0.8138888888888889 0.19765625 0.35555555555555557
0 0.514453125 0.4534722222222222 0.07421875 0.11805555555555555
0 0.640625 0.47152777777777777 0.0703125 0.12361111111111112
0 0.63046875 0.3576388888888889 0.0578125 0.10138888888888889
0 0.2421875 0.80625 0.33125 0.36527777777777776
0 0.5875 0.29930555555555555 0.0359375 0.05416666666666667
3 0.75546875 0.4270833333333333 0.025 0.0875
0 0.50546875 0.3402777777777778 0.0453125 0.06111111111111111
0 0.648046875 0.3145833333333333 0.04140625 0.0625
0 0.68359375 0.3416666666666667 0.040625 0.06111111111111111
0 0.579296875 0.26666666666666666 0.02265625 0.03611111111111111
0 0.60703125 0.2777777777777778 0.0203125 0.03888888888888889
3 0.5359375 0.36944444444444446 0.0171875 0.06666666666666667
3 0.73203125 0.36180555555555555 0.015625 0.04583333333333333
0 0.6390625 0.2722222222222222 0.025 0.03611111111111111
3 0.544140625 0.4930555555555556 0.02421875 0.08611111111111111
0 0.68125 0.2465277777777778 0.015625 0.02361111111111111
3 0.796875 0.8618055555555556 0.0640625 0.23194444444444445
4 0.516015625 0.35347222222222224 0.06875 0.1
4 0.518359375 0.4826388888888889 0.0765625 0.16944444444444445
4 0.6546875 0.34444444444444444 0.09921875 0.12916666666666668
4 0.587890625 0.2881944444444444 0.0421875 0.09305555555555556