0 0.1484375 0.7631944444444444 0.290625 0.4097222222222222
0 0.39453125 0.4583333333333333 0.1078125 0.1388888888888889
0 0.5421875 0.4083333333333333 0.0671875 0.10833333333333334
0 0.647265625 0.3236111111111111 0.03828125 0.058333333333333334
0 0.497265625 0.3423611111111111 0.06328125 0.10138888888888889
0 0.608203125 0.5013888888888889 0.09453125 0.1111111111111111
0 0.780078125 0.7423611111111111 0.14765625 0.29305555555555557
0 0.576171875 0.3104166666666667 0.04296875 0.07916666666666666
0 0.64609375 0.27569444444444446 0.025 0.04027777777777778
0 0.27265625 0.8659722222222223 0.18125 0.25416666666666665
3 0.15 0.5486111111111112 0.0453125 0.12222222222222222
0 0.600390625 0.29375 0.02265625 0.04583333333333333
0 0.608984375 0.27708333333333335 0.02109375 0.0375
0 0.57265625 0.2708333333333333 0.025 0.027777777777777776
3 0.076171875 0.6472222222222223 0.08359375 0.16805555555555557
4 0.2890625 0.8631944444444445 0.203125 0.27361111111111114
4 0.51640625 0.37569444444444444 0.11875 0.2
4 0.585546875 0.3076388888888889 0.05390625 0.09861111111111111
4 0.603125 0.28402777777777777 0.0296875 0.06666666666666667
4 0.57109375 0.2722222222222222 0.03125 0.043055555555555555