0 0.58203125 0.3236111111111111 0.0390625 0.06666666666666667
0 0.473828125 0.33194444444444443 0.05546875 0.07777777777777778
0 0.10390625 0.7840277777777778 0.2078125 0.4152777777777778
0 0.51484375 0.3527777777777778 0.053125 0.07777777777777778
3 0.631640625 0.32708333333333334 0.01484375 0.04583333333333333
0 0.63671875 0.26875 0.021875 0.0375
0 0.401953125 0.45694444444444443 0.09921875 0.11666666666666667
3 0.6625 0.2604166666666667 0.009375 0.02638888888888889
0 0.621484375 0.25555555555555554 0.01796875 0.030555555555555555
0 0.892578125 0.26180555555555557 0.04296875 0.0375
4 0.4953125 0.3402777777777778 0.103125 0.11944444444444445
4 0.6296875 0.2625 0.053125 0.06944444444444445