0 0.3953125 0.5743055555555555 0.1515625 0.2375
0 0.567578125 0.80625 0.22890625 0.37916666666666665
0 0.592578125 0.47291666666666665 0.08359375 0.12083333333333333
0 0.609375 0.5479166666666667 0.090625 0.14583333333333334
0 0.5546875 0.35694444444444445 0.0546875 0.08055555555555556
0 0.6328125 0.3701388888888889 0.0515625 0.08194444444444444
0 0.52421875 0.3145833333333333 0.0390625 0.0625
3 0.462890625 0.41458333333333336 0.02578125 0.09027777777777778
0 0.6328125 0.3145833333333333 0.0375 0.05416666666666667
0 0.66953125 0.3229166666666667 0.0296875 0.05416666666666667
0 0.64453125 0.3368055555555556 0.040625 0.06805555555555555
0 0.68125 0.2833333333333333 0.025 0.03611111111111111
0 0.60546875 0.26805555555555555 0.0265625 0.041666666666666664
0 0.618359375 0.2604166666666667 0.01640625 0.03194444444444444
0 0.59921875 0.24444444444444444 0.01875 0.027777777777777776
4 0.396484375 0.5659722222222222 0.15 0.2388888888888889
3 0.5734375 0.3104166666666667 0.01640625 0.05277777777777778
3 0.596875 0.3368055555555556 0.0125 0.05138888888888889
4 0.54921875 0.3375 0.06484375 0.10972222222222222
4 0.46328125 0.41458333333333336 0.0296875 0.09027777777777778
4 0.6015625 0.5138888888888888 0.1109375 0.2152777777777778
4 0.634375 0.3701388888888889 0.0453125 0.08472222222222223
4 0.6453125 0.3263888888888889 0.04765625 0.08611111111111111