3 0.5203125 0.4222222222222222 0.0234375 0.06944444444444445
0 0.55859375 0.36180555555555555 0.0515625 0.06805555555555555
0 0.649609375 0.375 0.04765625 0.07777777777777778
0 0.34296875 0.4777777777777778 0.10625 0.14166666666666666
0 0.515234375 0.3347222222222222 0.05390625 0.08055555555555556
0 0.446484375 0.5416666666666666 0.12734375 0.2361111111111111
3 0.449609375 0.3541666666666667 0.01953125 0.058333333333333334
0 0.66484375 0.32430555555555557 0.034375 0.05138888888888889
3 0.69609375 0.44305555555555554 0.025 0.08888888888888889
0 0.580859375 0.46319444444444446 0.08828125 0.1763888888888889
0 0.6734375 0.2826388888888889 0.025 0.0375
0 0.6484375 0.3 0.028125 0.044444444444444446
0 0.64609375 0.25555555555555554 0.021875 0.030555555555555555
0 0.6171875 0.26319444444444445 0.021875 0.03194444444444444
0 0.5859375 0.2590277777777778 0.021875 0.03194444444444444
3 0.547265625 0.3173611111111111 0.01328125 0.034722222222222224
3 0.580859375 0.3215277777777778 0.01796875 0.05694444444444444
0 0.67734375 0.25972222222222224 0.01875 0.030555555555555555
3 0.15390625 0.8597222222222223 0.1109375 0.28055555555555556
3 0.448046875 0.41597222222222224 0.02109375 0.043055555555555555
3 0.536328125 0.2916666666666667 0.0125 0.02638888888888889
4 0.562890625 0.33958333333333335 0.0484375 0.10416666666666667
4 0.657421875 0.34791666666666665 0.0546875 0.14305555555555555
4 0.581640625 0.4652777777777778 0.0859375 0.1875
4 0.5890625 0.25833333333333336 0.025 0.04722222222222222