0 0.478125 0.5076388888888889 0.103125 0.17083333333333334
0 0.414453125 0.4305555555555556 0.08828125 0.11944444444444445
0 0.552734375 0.7722222222222223 0.17734375 0.37777777777777777
0 0.637109375 0.42430555555555555 0.06328125 0.11527777777777778
0 0.624609375 0.3388888888888889 0.04765625 0.07222222222222222
0 0.181640625 0.9215277777777777 0.24765625 0.15694444444444444
0 0.64140625 0.30416666666666664 0.0375 0.05277777777777778
0 0.55703125 0.3736111111111111 0.0484375 0.08055555555555556
0 0.601171875 0.28888888888888886 0.02890625 0.05277777777777778
0 0.691015625 0.28958333333333336 0.02578125 0.04027777777777778
0 0.67421875 0.32013888888888886 0.034375 0.05416666666666667
0 0.522265625 0.3263888888888889 0.03828125 0.05555555555555555
0 0.648046875 0.2638888888888889 0.02421875 0.041666666666666664
3 0.40546875 0.8444444444444444 0.0765625 0.24166666666666667
0 0.684765625 0.26319444444444445 0.01953125 0.02638888888888889
0 0.6171875 0.2673611111111111 0.0203125 0.03194444444444444
4 0.63515625 0.37916666666666665 0.07578125 0.21666666666666667