0 0.5859375 0.6520833333333333 0.1421875 0.28194444444444444
0 0.45703125 0.5597222222222222 0.109375 0.17777777777777778
0 0.15859375 0.8993055555555556 0.3109375 0.2013888888888889
0 0.40390625 0.42291666666666666 0.10625 0.15416666666666667
0 0.6734375 0.28680555555555554 0.0265625 0.043055555555555555
0 0.6046875 0.31527777777777777 0.0375 0.05277777777777778
0 0.6375 0.3548611111111111 0.0421875 0.06805555555555555
0 0.558984375 0.37083333333333335 0.04921875 0.075
3 0.666796875 0.33402777777777776 0.01328125 0.043055555555555555
0 0.512109375 0.32916666666666666 0.05546875 0.09166666666666666
3 0.68125 0.3138888888888889 0.0140625 0.03611111111111111
0 0.651171875 0.24444444444444444 0.01796875 0.030555555555555555
0 0.646875 0.25625 0.0203125 0.029166666666666667
3 0.576171875 0.47291666666666665 0.03671875 0.10138888888888889
0 0.68125 0.24930555555555556 0.0140625 0.02361111111111111
0 0.598828125 0.2625 0.01953125 0.030555555555555555
3 0.56484375 0.32430555555555557 0.015625 0.0375
4 0.6734375 0.3263888888888889 0.0265625 0.06944444444444445
4 0.560546875 0.3541666666666667 0.04375 0.09722222222222222
4 0.58515625 0.6097222222222223 0.13359375 0.37222222222222223
4 0.647265625 0.25416666666666665 0.025 0.05