0 0.42109375 0.5666666666666667 0.1296875 0.20833333333333334
0 0.5828125 0.5722222222222222 0.0984375 0.18055555555555555
0 0.570703125 0.33125 0.04609375 0.07083333333333333
3 0.550390625 0.40069444444444446 0.02265625 0.08194444444444444
0 0.61875 0.3993055555555556 0.053125 0.09027777777777778
0 0.541015625 0.8375 0.23203125 0.32222222222222224
0 0.649609375 0.3388888888888889 0.04921875 0.08333333333333333
0 0.64921875 0.2777777777777778 0.034375 0.03888888888888889
3 0.62265625 0.4395833333333333 0.0265625 0.08194444444444444
0 0.615625 0.26180555555555557 0.028125 0.0375
0 0.680078125 0.27152777777777776 0.02265625 0.034722222222222224
0 0.57421875 0.2659722222222222 0.025 0.034722222222222224
3 0.496875 0.3055555555555556 0.0125 0.03611111111111111
0 0.346875 0.48541666666666666 0.134375 0.19583333333333333
0 0.678515625 0.24722222222222223 0.01796875 0.025
0 0.6703125 0.3013888888888889 0.0234375 0.044444444444444446
3 0.62265625 0.46319444444444446 0.025 0.05416666666666667
3 0.22421875 0.7569444444444444 0.0859375 0.24166666666666667
4 0.615625 0.4166666666666667 0.0625 0.15555555555555556
4 0.65625 0.32083333333333336 0.053125 0.11944444444444445
4 0.5625 0.3625 0.05625 0.16944444444444445
4 0.37734375 0.5180555555555556 0.18984375 0.28194444444444444