0 0.368359375 0.48680555555555555 0.11953125 0.17083333333333334
0 0.616796875 0.39861111111111114 0.06796875 0.1111111111111111
0 0.47578125 0.5034722222222222 0.103125 0.16527777777777777
0 0.586328125 0.6152777777777778 0.11015625 0.20555555555555555
0 0.54296875 0.3736111111111111 0.0625 0.08611111111111111
0 0.641796875 0.3368055555555556 0.04140625 0.07083333333333333
0 0.560546875 0.28402777777777777 0.03046875 0.04583333333333333
3 0.33203125 0.42083333333333334 0.025 0.06944444444444445
0 0.66171875 0.2652777777777778 0.025 0.03611111111111111
0 0.526953125 0.3229166666666667 0.03671875 0.04861111111111111
0 0.642578125 0.2916666666666667 0.02890625 0.03611111111111111
0 0.60703125 0.2708333333333333 0.028125 0.044444444444444446
0 0.582421875 0.2638888888888889 0.02109375 0.03333333333333333
0 0.67734375 0.21180555555555555 0.0109375 0.018055555555555554
3 0.43984375 0.36319444444444443 0.01875 0.075
3 0.47265625 0.33055555555555555 0.01328125 0.058333333333333334
4 0.365625 0.48055555555555557 0.12421875 0.1875
4 0.6390625 0.31805555555555554 0.04296875 0.09027777777777778
4 0.540625 0.3576388888888889 0.06015625 0.12222222222222222