0 0.64375 0.7111111111111111 0.140625 0.26666666666666666
3 0.5890625 0.32222222222222224 0.015625 0.05
0 0.662890625 0.26944444444444443 0.02265625 0.03611111111111111
0 0.63984375 0.30625 0.034375 0.0625
3 0.340234375 0.46875 0.03359375 0.09583333333333334
3 0.689453125 0.5277777777777778 0.02890625 0.09722222222222222
3 0.438671875 0.6173611111111111 0.03828125 0.11527777777777778
3 0.7015625 0.2875 0.0109375 0.03333333333333333
3 0.41953125 0.4048611111111111 0.0265625 0.07361111111111111
0 0.606640625 0.2708333333333333 0.02734375 0.04722222222222222
3 0.189453125 0.5645833333333333 0.05703125 0.13472222222222222
0 0.640234375 0.25555555555555554 0.02109375 0.03333333333333333
0 0.581640625 0.2604166666666667 0.02265625 0.04583333333333333
3 0.52890625 0.30833333333333335 0.01484375 0.041666666666666664
4 0.645703125 0.2881944444444444 0.04140625 0.10416666666666667
3 0.580859375 0.2743055555555556 0.009375 0.034722222222222224
0 0.580859375 0.2638888888888889 0.02109375 0.05416666666666667
4 0.41796875 0.4048611111111111 0.0328125 0.10138888888888889
4 0.6875 0.5090277777777777 0.0328125 0.11805555555555555
4 0.593359375 0.2951388888888889 0.0515625 0.14444444444444443