0 0.55546875 0.35555555555555557 0.053125 0.08888888888888889
0 0.5 0.33194444444444443 0.05 0.06944444444444445
0 0.631640625 0.34305555555555556 0.04296875 0.06666666666666667
0 0.608203125 0.41805555555555557 0.07421875 0.1388888888888889
0 0.673828125 0.31527777777777777 0.03359375 0.05555555555555555
0 0.5578125 0.2972222222222222 0.03125 0.03888888888888889
3 0.45234375 0.5319444444444444 0.0328125 0.10555555555555556
0 0.648828125 0.28125 0.02578125 0.043055555555555555
0 0.614453125 0.2625 0.02109375 0.030555555555555555
0 0.591796875 0.2743055555555556 0.02265625 0.03194444444444444
0 0.663671875 0.2708333333333333 0.01640625 0.03333333333333333
0 0.39609375 0.44166666666666665 0.1109375 0.175
0 0.598828125 0.24166666666666667 0.01640625 0.022222222222222223
3 0.73828125 0.49166666666666664 0.03125 0.11944444444444445
3 0.3078125 0.9236111111111112 0.090625 0.1527777777777778
4 0.6140625 0.3993055555555556 0.07265625 0.18333333333333332
4 0.40859375 0.4666666666666667 0.1328125 0.24722222222222223
4 0.555078125 0.33958333333333335 0.05234375 0.13055555555555556
4 0.66484375 0.29375 0.05390625 0.08888888888888889