0 0.6578125 0.5263888888888889 0.0953125 0.18333333333333332
0 0.628125 0.3458333333333333 0.053125 0.08333333333333333
0 0.68046875 0.3090277777777778 0.0359375 0.05694444444444444
3 0.424609375 0.375 0.02109375 0.06111111111111111
0 0.714453125 0.28402777777777777 0.02890625 0.04583333333333333
0 0.5328125 0.32569444444444445 0.046875 0.06527777777777778
0 0.49765625 0.48333333333333334 0.0921875 0.13055555555555556
0 0.62890625 0.2875 0.028125 0.03888888888888889
0 0.6875 0.26319444444444445 0.021875 0.04027777777777778
0 0.611328125 0.26319444444444445 0.02265625 0.0375
3 0.50546875 0.3194444444444444 0.0140625 0.05
3 0.58828125 0.2951388888888889 0.0140625 0.043055555555555555
0 0.62265625 0.24861111111111112 0.0203125 0.03611111111111111
0 0.566015625 0.8555555555555555 0.2390625 0.28888888888888886
3 0.663671875 0.28888888888888886 0.00859375 0.030555555555555555
4 0.526953125 0.3215277777777778 0.04921875 0.07083333333333333
4 0.63046875 0.3277777777777778 0.0453125 0.11666666666666667
4 0.677734375 0.30416666666666664 0.0375 0.07222222222222222