3 0.348828125 0.8263888888888888 0.07265625 0.2916666666666667
3 0.22890625 0.6972222222222222 0.07734375 0.23333333333333334
3 0.28125 0.48194444444444445 0.03671875 0.10555555555555556
3 0.3828125 0.40694444444444444 0.02578125 0.1111111111111111
0 0.5375 0.49722222222222223 0.08671875 0.17222222222222222
0 0.690625 0.4548611111111111 0.0578125 0.12361111111111112
0 0.633984375 0.37430555555555556 0.0484375 0.09444444444444444
0 0.45859375 0.3972222222222222 0.0640625 0.09305555555555556
0 0.5234375 0.3159722222222222 0.04453125 0.06666666666666667
0 0.60859375 0.2923611111111111 0.025 0.041666666666666664
0 0.669921875 0.32222222222222224 0.03359375 0.06527777777777778
0 0.5703125 0.27569444444444446 0.01953125 0.041666666666666664
0 0.65 0.2826388888888889 0.0203125 0.03611111111111111
0 0.66328125 0.2673611111111111 0.0203125 0.0375
0 0.587890625 0.25763888888888886 0.01328125 0.03333333333333333
4 0.646484375 0.3548611111111111 0.078125 0.1361111111111111
4 0.426171875 0.4041666666666667 0.12109375 0.13333333333333333
4 0.590234375 0.27361111111111114 0.06015625 0.09166666666666666