0 0.4296875 0.5590277777777778 0.1296875 0.22916666666666666
0 0.608984375 0.8006944444444445 0.19296875 0.38472222222222224
0 0.53359375 0.40625 0.0640625 0.10972222222222222
0 0.643359375 0.48819444444444443 0.08359375 0.1375
0 0.531640625 0.3125 0.03515625 0.06111111111111111
0 0.691015625 0.32222222222222224 0.03671875 0.05277777777777778
3 0.311328125 0.5097222222222222 0.04140625 0.09722222222222222
0 0.694140625 0.39791666666666664 0.05546875 0.0875
0 0.58359375 0.32569444444444445 0.0390625 0.05694444444444444
0 0.5828125 0.2652777777777778 0.0234375 0.03888888888888889
0 0.601171875 0.27847222222222223 0.01796875 0.04861111111111111
4 0.69375 0.375 0.0625 0.1388888888888889