3 0.228515625 0.6138888888888889 0.0625 0.14722222222222223
3 0.68359375 0.41388888888888886 0.02265625 0.08055555555555556
3 0.455078125 0.40208333333333335 0.0203125 0.09444444444444444
3 0.676953125 0.33819444444444446 0.0171875 0.05416666666666667
3 0.508203125 0.3388888888888889 0.01796875 0.059722222222222225
3 0.52578125 0.2965277777777778 0.01328125 0.03611111111111111
3 0.5125 0.30277777777777776 0.0109375 0.03888888888888889
0 0.275 0.8208333333333333 0.24375 0.35833333333333334
0 0.51875 0.5590277777777778 0.1171875 0.18472222222222223
0 0.5265625 0.4395833333333333 0.06484375 0.10833333333333334
0 0.639453125 0.3715277777777778 0.04375 0.08888888888888889
0 0.540234375 0.36666666666666664 0.05703125 0.08611111111111111
0 0.584375 0.31666666666666665 0.04453125 0.06527777777777778
0 0.546875 0.30277777777777776 0.03828125 0.044444444444444446
3 0.54609375 0.2701388888888889 0.00859375 0.020833333333333332
0 0.6125 0.275 0.02578125 0.03888888888888889
0 0.66953125 0.28680555555555554 0.02890625 0.04722222222222222
3 0.56796875 0.2701388888888889 0.0140625 0.02638888888888889
3 0.530859375 0.26944444444444443 0.0109375 0.027777777777777776
0 0.597265625 0.25277777777777777 0.02109375 0.03333333333333333
0 0.622265625 0.2604166666666667 0.01796875 0.029166666666666667
0 0.672265625 0.2590277777777778 0.02421875 0.03333333333333333
0 0.649609375 0.24305555555555555 0.0171875 0.030555555555555555
0 0.63203125 0.2326388888888889 0.01328125 0.019444444444444445
3 0.612890625 0.24027777777777778 0.01171875 0.02361111111111111
0 0.676953125 0.21388888888888888 0.0109375 0.016666666666666666
3 0.2359375 0.5541666666666667 0.01875 0.05694444444444444
3 0.51875 0.3215277777777778 0.03671875 0.08888888888888889
0 0.637109375 0.21875 0.0109375 0.019444444444444445
0 0.6875 0.19652777777777777 0.009375 0.0125
3 0.623046875 0.22152777777777777 0.00703125 0.018055555555555554
4 0.52265625 0.5159722222222223 0.0953125 0.2569444444444444
4 0.52890625 0.39791666666666664 0.07578125 0.16111111111111112
4 0.670703125 0.27569444444444446 0.028125 0.07083333333333333
4 0.532421875 0.33819444444444446 0.06484375 0.12361111111111112
4 0.608984375 0.2652777777777778 0.04296875 0.07083333333333333