0 0.516015625 0.45902777777777776 0.08046875 0.14305555555555555
0 0.626171875 0.4125 0.06484375 0.12222222222222222
0 0.59921875 0.29375 0.0296875 0.04861111111111111
3 0.437890625 0.36527777777777776 0.01640625 0.044444444444444446
3 0.45703125 0.4131944444444444 0.025 0.0875
0 0.71953125 0.30694444444444446 0.034375 0.06111111111111111
0 0.667578125 0.2902777777777778 0.02578125 0.03888888888888889
3 0.383984375 0.5034722222222222 0.03671875 0.09027777777777778
3 0.5828125 0.40069444444444446 0.01875 0.05694444444444444
0 0.637890625 0.95625 0.18203125 0.08472222222222223
0 0.6390625 0.5451388888888888 0.1 0.24305555555555555
3 0.491796875 0.3486111111111111 0.01796875 0.041666666666666664
0 0.673828125 0.26458333333333334 0.02109375 0.029166666666666667
0 0.619140625 0.24166666666666667 0.01640625 0.027777777777777776
3 0.566015625 0.3798611111111111 0.01640625 0.05416666666666667
3 0.21953125 0.6506944444444445 0.0703125 0.14583333333333334
4 0.6390625 0.5083333333333333 0.109375 0.3277777777777778
4 0.578125 0.3736111111111111 0.0375 0.11944444444444445
4 0.48671875 0.4305555555555556 0.1296875 0.21666666666666667