2 0.56640625 0.82421875 0.8671875 0.3515625
4 0.209375 0.33125 0.415625 0.6625
4 0.3953125 0.2328125 0.3484375 0.465625
1 0.7296875 0.1546875 0.2109375 0.1703125
4 0.9234375 0.2 0.153125 0.2296875
4 0.27578125 0.4859375 0.2921875 0.346875
4 0.12421875 0.6390625 0.240625 0.36875
4 0.3921875 0.303125 0.1765625 0.2546875
2 0.39921875 0.8315468750000001 0.53275 0.32909375
0 0.42921875 0.802171875 0.608421875 0.30659375
0 0.09375 0.63203125 0.1828125 0.3734375
0 0.17265625 0.5953125 0.1734375 0.2734375
0 0.24140625 0.54375 0.2078125 0.2421875
0 0.31328125 0.43125 0.215625 0.253125
0 0.38671875 0.37578125 0.14375 0.1703125
0 0.40625 0.3421875 0.1515625 0.1546875
0 0.39609375 0.25703125 0.20625 0.2125
0 0.68984375 0.15390625 0.13125 0.1578125
0 0.77265625 0.16640625 0.11875 0.1375
0 0.92265625 0.21640625 0.1546875 0.190625
0 0.48984375 0.2390625 0.140625 0.2
0 0.66953125 0.6703125 0.3984375 0.2234375