4 0.90625 0.19765625 0.1046875 0.1546875
4 0.72109375 0.2 0.2484375 0.1625
4 0.4703125 0.2265625 0.1515625 0.178125
4 0.228125 0.20546875 0.30625 0.309375
2 0.496875 0.5328125 0.990625 0.50625
0 0.6359375 0.50078125 0.71875 0.4453125
0 0.28828125 0.54765625 0.5671875 0.4765625
0 0.6484375 0.21015625 0.1015625 0.1109375
0 0.90625 0.2125 0.0859375 0.109375
0 0.2609375 0.25859375 0.1703125 0.1609375
0 0.17578125 0.1796875 0.2 0.2578125
0 0.465625 0.2546875 0.1421875 0.121875
0 0.97265625 0.25625 0.0546875 0.1265625
0 0.70703125 0.1734375 0.071875 0.084375
0 0.8078125 0.165625 0.065625 0.0703125
0 0.56484375 0.1640625 0.075 0.0640625