0 0.4516354166666667 0.41137962962962965 0.15327604166666667 0.18518518518518517
0 0.3442395833333334 0.3101111111111111 0.1015625 0.12955555555555553
0 0.2775885416666667 0.25 0.06982291666666667 0.09868518518518518
0 0.7153333333333334 0.3125 0.08770833333333333 0.0925
0 0.9057604166666666 0.8854166666666666 0.07342708333333332 0.22743518518518518
0 0.6474635416666668 0.30989814814814814 0.07848958333333332 0.10585185185185185
0 0.8388697916666668 0.32508333333333334 0.0611875 0.06526851851851852
0 0.22741666666666666 0.21430555555555555 0.05624479166666666 0.08035185185185185
0 0.276609375 0.19336111111111112 0.04311979166666667 0.035944444444444446
0 0.13061458333333334 0.17871296296296296 0.02203125 0.03174074074074074
3 0.6372760416666666 0.35250925925925924 0.048364583333333336 0.08333333333333333
3 0.17761458333333333 0.24174999999999996 0.014734375 0.05162037037037037
3 0.240234375 0.41926851851851854 0.038328125000000005 0.13682407407407407
3 0.15966666666666668 0.22960185185185186 0.012291666666666668 0.04443518518518519
3 0.24694791666666666 0.2934074074074074 0.026703125 0.0748148148148148
3 0.3559583333333334 0.22396296296296295 0.019838541666666668 0.05837962962962963