3 0.8609375 0.35648148148148145 0.014583333333333334 0.05185185185185185
0 0.6098958333333333 0.28194444444444444 0.053125 0.03796296296296296
0 0.8020833333333334 0.2972222222222222 0.06354166666666666 0.03888888888888889
0 0.5080729166666667 0.2796296296296296 0.03177083333333333 0.046296296296296294
0 0.5158854166666667 0.38564814814814813 0.06302083333333333 0.08055555555555556
0 0.36692708333333335 0.2587962962962963 0.0421875 0.03611111111111111
0 0.64609375 0.3189814814814815 0.034375 0.06018518518518518
0 0.7609375 0.4222222222222222 0.0453125 0.07685185185185185
3 0.7908854166666667 0.3287037037037037 0.0109375 0.04537037037037037
3 0.7731770833333333 0.3287037037037037 0.011458333333333333 0.04537037037037037
0 0.7294270833333333 0.28888888888888886 0.06197916666666667 0.032407407407407406
0 0.7395833333333334 0.35509259259259257 0.03958333333333333 0.06111111111111111
4 0.7515625 0.3907407407407407 0.0609375 0.14629629629629629