0 0.5401770833333334 0.6593888888888889 0.2901770833333333 0.3293611111111111
3 0.6395104166666666 0.5707685185185185 0.091515625 0.14947222222222223
2 0.5394322916666667 0.6580648148148148 0.29315625 0.3293611111111111
0 0.375 0.3756574074074074 0.15773958333333335 0.18518518518518517
0 0.2700885416666667 0.28505555555555556 0.09523958333333334 0.1256574074074074
3 0.26785937499999996 0.37037037037037035 0.05059375 0.1534351851851852
3 0.14955208333333334 0.24934259259259262 0.03422395833333333 0.09391666666666668
3 0.107140625 0.24008333333333334 0.017859375 0.08862037037037036
0 0.8709062500000001 0.45039814814814816 0.02753125 0.09920370370370371
0 0.8515625 0.8399444444444444 0.072171875 0.2248703703703704
3 0.5617552083333333 0.33135185185185184 0.044640624999999996 0.08598148148148148
0 0.5669635416666666 0.2883611111111111 0.08482291666666668 0.1111111111111111
0 0.6380208333333334 0.2943148148148148 0.09300520833333333 0.1124351851851852
3 0.716515625 0.3055555555555556 0.03571354166666666 0.06349074074074074
0 0.751859375 0.31216666666666665 0.037947916666666665 0.06349074074074074
0 0.20238020833333334 0.2248703703703704 0.06547395833333333 0.09524074074074074
0 0.15178645833333335 0.18386111111111111 0.04761979166666667 0.0793611111111111