0 0.123046875 0.7430555555555556 0.24296875 0.38333333333333336
0 0.39375 0.45416666666666666 0.0734375 0.13333333333333333
0 0.49921875 0.4173611111111111 0.0703125 0.1486111111111111
0 0.3125 0.4097222222222222 0.0734375 0.10277777777777777
0 0.508984375 0.36041666666666666 0.05390625 0.09027777777777778
0 0.420703125 0.37222222222222223 0.04765625 0.08888888888888889
0 0.39375 0.32708333333333334 0.0453125 0.07361111111111111
0 0.552734375 0.2833333333333333 0.02734375 0.06111111111111111
0 0.460546875 0.31527777777777777 0.04296875 0.06944444444444445
3 0.326953125 0.3368055555555556 0.01953125 0.05
4 0.312890625 0.3888888888888889 0.075 0.15
4 0.500390625 0.40694444444444444 0.0703125 0.18333333333333332