0 0.5822916666666667 0.6370370370370371 0.09270833333333334 0.1814814814814815
0 0.5703125 0.5175925925925926 0.07083333333333333 0.1
0 0.5768229166666666 0.4476851851851852 0.06145833333333333 0.08333333333333333
0 0.5575520833333333 0.40694444444444444 0.03958333333333333 0.07222222222222222
0 0.6830729166666667 0.41574074074074074 0.044270833333333336 0.08055555555555556
3 0.71171875 0.5898148148148148 0.04375 0.13703703703703704
3 0.3658854166666667 0.3458333333333333 0.016145833333333335 0.041666666666666664
3 0.4049479166666667 0.32731481481481484 0.011979166666666667 0.037037037037037035
0 0.3494791666666667 0.4986111111111111 0.11666666666666667 0.17777777777777778
0 0.4375 0.40694444444444444 0.044270833333333336 0.06759259259259259
0 0.4591145833333333 0.36898148148148147 0.03177083333333333 0.05462962962962963
0 0.2265625 0.5064814814814815 0.11822916666666666 0.14629629629629629
0 0.28958333333333336 0.45740740740740743 0.050520833333333334 0.09351851851851851
0 0.35104166666666664 0.41435185185185186 0.04739583333333333 0.05277777777777778
0 0.43697916666666664 0.3523148148148148 0.034375 0.044444444444444446
0 0.3885416666666667 0.36157407407407405 0.03229166666666667 0.05277777777777778
0 0.5200520833333333 0.3574074074074074 0.024479166666666666 0.04351851851851852
0 0.46484375 0.3398148148148148 0.03125 0.03611111111111111
0 0.58984375 0.34814814814814815 0.028645833333333332 0.05
0 0.5528645833333333 0.37175925925925923 0.03125 0.044444444444444446
0 0.553125 0.32314814814814813 0.016666666666666666 0.03148148148148148
0 0.3489583333333333 0.32175925925925924 0.011979166666666667 0.03796296296296296
0 0.5919270833333333 0.3175925925925926 0.021875 0.03148148148148148
3 0.5526041666666667 0.30092592592592593 0.0067708333333333336 0.017592592592592594
3 0.19505208333333332 0.3023148148148148 0.009895833333333333 0.019444444444444445
3 0.20989583333333334 0.3013888888888889 0.008333333333333333 0.024074074074074074
0 0.42473958333333334 0.28935185185185186 0.009895833333333333 0.014814814814814815
0 0.019270833333333334 0.7430555555555556 0.03854166666666667 0.1425925925925926
3 0.42682291666666666 0.3333333333333333 0.011458333333333333 0.026851851851851852
0 0.08229166666666667 0.3194444444444444 0.051041666666666666 0.03518518518518519
0 0.52734375 0.28425925925925927 0.0067708333333333336 0.012037037037037037
0 0.571875 0.3050925925925926 0.0125 0.016666666666666666
0 0.43645833333333334 0.2833333333333333 0.010416666666666666 0.012962962962962963
3 0.33177083333333335 0.3388888888888889 0.011458333333333333 0.027777777777777776
0 0.43671875 0.2935185185185185 0.011458333333333333 0.012037037037037037
3 0.20208333333333334 0.2986111111111111 0.0067708333333333336 0.024074074074074074
0 0.5380208333333333 0.27314814814814814 0.005729166666666666 0.012037037037037037
3 0.56171875 0.2949074074074074 0.00625 0.018518518518518517
3 0.58046875 0.2972222222222222 0.005208333333333333 0.022222222222222223
4 0.67265625 0.38101851851851853 0.07447916666666667 0.15555555555555556
4 0.5802083333333333 0.5671296296296297 0.09270833333333334 0.30092592592592593
4 0.2916666666666667 0.4930555555555556 0.234375 0.16666666666666666
4 0.4479166666666667 0.37962962962962965 0.059895833333333336 0.12037037037037036
4 0.3841145833333333 0.3472222222222222 0.052083333333333336 0.09259259259259259
4 0.5546875 0.39814814814814814 0.046875 0.09259259259259259
4 0.5893229166666667 0.33101851851851855 0.035416666666666666 0.08796296296296297