0 0.4419635416666667 0.3915370370370371 0.14880729166666665 0.19047222222222224
0 0.3420416666666667 0.30534259259259255 0.10504166666666667 0.1272777777777778
0 0.27465625 0.2391481481481481 0.07134895833333334 0.09439814814814815
0 0.7114270833333334 0.3114166666666667 0.08868229166666668 0.09337037037037037
0 0.9013697916666668 0.8758703703703704 0.08386458333333334 0.2441388888888889
0 0.224 0.2054074074074074 0.057374999999999995 0.08463888888888889
0 0.8374010416666666 0.324 0.06524479166666666 0.06450925925925927
0 0.2770989583333333 0.19336111111111112 0.05242708333333333 0.05371296296296296
0 0.6416041666666668 0.3059907407407408 0.07666145833333333 0.1060648148148148
3 0.6283489583333334 0.3465648148148148 0.04390104166666667 0.07672222222222222
3 0.14709375 0.2447962962962963 0.015078125 0.06027777777777777
3 0.17736979166666667 0.22374074074074074 0.012338541666666668 0.05599074074074074
3 0.197875 0.2202685185185185 0.01634375 0.05007407407407407