0 0.5520833333333334 0.6541018518518518 0.29315625 0.3373055555555556
3 0.6261145833333334 0.5449722222222223 0.12574479166666666 0.12169444444444445
2 0.552453125 0.6541018518518518 0.2953854166666667 0.3346574074074074
3 0.3872083333333334 0.3825925925925926 0.162109375 0.18869444444444444
0 0.2845989583333333 0.2837314814814815 0.09895833333333333 0.11772222222222223
0 0.6558333333333334 0.2939259259259259 0.08378125 0.08100925925925925
0 0.5849635416666668 0.3049074074074074 0.08038541666666667 0.12185185185185185
3 0.5740312500000001 0.3320092592592592 0.04241145833333334 0.08200925925925925
0 0.7749010416666666 0.3131481481481481 0.058562499999999997 0.06477777777777777
0 0.8837916666666668 0.45269444444444445 0.03948958333333333 0.08398148148148149
0 0.21667708333333333 0.2263425925925926 0.06744270833333334 0.09705555555555555
0 0.16663541666666667 0.1912962962962963 0.055421874999999995 0.0835462962962963
0 0.1145625 0.1539722222222222 0.028166666666666666 0.05924074074074074
3 0.170015625 0.26851851851851855 0.029015625 0.09787962962962962
3 0.12328125 0.2576759259259259 0.01923958333333333 0.08653703703703704
0 0.08196874999999999 0.15125925925925926 0.012010416666666666 0.04961111111111111
0 0.8525416666666668 0.8671851851851852 0.095703125 0.2452222222222222
0 0.7309583333333334 0.3088148148148148 0.03677604166666667 0.04502777777777778
3 0.293421875 0.3974537037037037 0.04849479166666667 0.1385648148148148