0 0.496875 0.5106481481481482 0.10729166666666666 0.15092592592592594
3 0.8669270833333333 0.38935185185185184 0.0203125 0.06018518518518518
0 0.3528645833333333 0.6791666666666667 0.1890625 0.23425925925925925
0 0.5588541666666667 0.674537037037037 0.13541666666666666 0.21203703703703702
0 0.6348958333333333 0.4625 0.0875 0.13240740740740742
0 0.44114583333333335 0.4361111111111111 0.075 0.08888888888888889
0 0.7481770833333333 0.4064814814814815 0.049479166666666664 0.07962962962962963
0 0.5572916666666666 0.4305555555555556 0.07291666666666667 0.1
0 0.5020833333333333 0.3814814814814815 0.05625 0.06851851851851852
3 0.8 0.5101851851851852 0.026041666666666668 0.08333333333333333
0 0.7440104166666667 0.3648148148148148 0.0421875 0.053703703703703705
0 0.6950520833333333 0.3435185185185185 0.0390625 0.05925925925925926
0 0.5893229166666667 0.38564814814814813 0.04739583333333333 0.06759259259259259
0 0.67109375 0.4203703703703704 0.049479166666666664 0.08703703703703704
0 0.57734375 0.31574074074074077 0.03697916666666667 0.053703703703703705
0 0.09921875 0.2898148148148148 0.044270833333333336 0.040740740740740744
0 0.6815104166666667 0.37037037037037035 0.0390625 0.05925925925925926
0 0.14921875 0.31712962962962965 0.05260416666666667 0.044444444444444446
0 0.1796875 0.2814814814814815 0.04583333333333333 0.03888888888888889
3 0.79296875 0.3314814814814815 0.008854166666666666 0.04722222222222222
3 0.7822916666666667 0.3337962962962963 0.008854166666666666 0.053703703703703705
3 0.7713541666666667 0.33425925925925926 0.011458333333333333 0.05277777777777778
3 0.75703125 0.3175925925925926 0.009375 0.03425925925925926
3 0.6692708333333334 0.3194444444444444 0.013541666666666667 0.044444444444444446
3 0.6114583333333333 0.30416666666666664 0.011979166666666667 0.026851851851851852
3 0.5421875 0.30694444444444446 0.0171875 0.05