0 0.35546875 0.5104166666666666 0.0890625 0.1486111111111111
0 0.47109375 0.6673611111111111 0.121875 0.2513888888888889
0 0.279296875 0.4423611111111111 0.08671875 0.12638888888888888
0 0.41484375 0.38680555555555557 0.0609375 0.10416666666666667
0 0.48828125 0.4423611111111111 0.0640625 0.11805555555555555
0 0.49609375 0.3527777777777778 0.0453125 0.07222222222222222
0 0.56015625 0.3 0.03125 0.05277777777777778
0 0.505078125 0.30069444444444443 0.03046875 0.05416666666666667
0 0.455859375 0.3125 0.03203125 0.058333333333333334
0 0.394921875 0.32013888888888886 0.03828125 0.05416666666666667
3 0.61015625 0.7798611111111111 0.0796875 0.26944444444444443
4 0.4921875 0.4083333333333333 0.06015625 0.18055555555555555
4 0.40859375 0.36527777777777776 0.071875 0.1486111111111111