0 0.4890625 0.412962962962963 0.04791666666666667 0.07777777777777778
0 0.45677083333333335 0.3726851851851852 0.0375 0.062037037037037036
0 0.5526041666666667 0.42824074074074076 0.04583333333333333 0.075
3 0.39895833333333336 0.3763888888888889 0.017708333333333333 0.049074074074074076
3 0.6997395833333333 0.44814814814814813 0.019791666666666666 0.06481481481481481
0 0.5091145833333334 0.3902777777777778 0.034895833333333334 0.06388888888888888
0 0.56484375 0.3976851851851852 0.034895833333333334 0.058333333333333334
3 0.3776041666666667 0.3592592592592593 0.014583333333333334 0.03518518518518519
0 0.621875 0.3972222222222222 0.03229166666666667 0.05185185185185185
0 0.5598958333333334 0.36898148148148147 0.030208333333333334 0.04722222222222222
0 0.42161458333333335 0.36018518518518516 0.03177083333333333 0.053703703703703705
0 0.24348958333333334 0.2953703703703704 0.0234375 0.027777777777777776
0 0.26666666666666666 0.29583333333333334 0.020833333333333332 0.030555555555555555
0 0.2234375 0.2962962962962963 0.025 0.02962962962962963
3 0.6247395833333333 0.41712962962962963 0.0203125 0.04722222222222222
0 0.6036458333333333 0.3814814814814815 0.023958333333333335 0.046296296296296294
3 0.534375 0.3763888888888889 0.014583333333333334 0.041666666666666664
3 0.37578125 0.3472222222222222 0.011979166666666667 0.037037037037037035
3 0.6619791666666667 0.43194444444444446 0.028125 0.06666666666666667
3 0.62890625 0.4046296296296296 0.015625 0.05925925925925926
3 0.584375 0.3819444444444444 0.009895833333333333 0.05185185185185185
3 0.5955729166666667 0.39861111111111114 0.011458333333333333 0.05648148148148148
3 0.5388020833333333 0.3611111111111111 0.011979166666666667 0.03981481481481482
3 0.3455729166666667 0.3509259259259259 0.015625 0.046296296296296294
3 0.35572916666666665 0.3476851851851852 0.013541666666666667 0.044444444444444446
4 0.6098958333333333 0.3958333333333333 0.059895833333333336 0.08518518518518518
4 0.5580729166666667 0.4027777777777778 0.050520833333333334 0.11666666666666667
4 0.49557291666666664 0.40555555555555556 0.057291666666666664 0.0962962962962963
4 0.534375 0.36944444444444446 0.01875 0.05555555555555555
4 0.37734375 0.350462962962963 0.01875 0.05277777777777778
4 0.3494791666666667 0.34444444444444444 0.020833333333333332 0.05185185185185185
4 0.41432291666666665 0.362962962962963 0.04635416666666667 0.08333333333333333