0 0.5828125 0.5291666666666667 0.07291666666666667 0.13055555555555556
0 0.42239583333333336 0.3638888888888889 0.034375 0.053703703703703705
0 0.5578125 0.3726851851851852 0.03229166666666667 0.05462962962962963
3 0.6286458333333333 0.4583333333333333 0.01875 0.05555555555555555
0 0.6013020833333333 0.38287037037037036 0.028645833333333332 0.04722222222222222
0 0.4434895833333333 0.3189814814814815 0.04739583333333333 0.030555555555555555
3 0.721875 0.6152777777777778 0.035416666666666666 0.11018518518518519
0 0.621875 0.40046296296296297 0.036458333333333336 0.05092592592592592
3 0.13307291666666668 0.3472222222222222 0.0265625 0.04259259259259259
0 0.2630208333333333 0.29212962962962963 0.022916666666666665 0.032407407407407406
3 0.5744791666666667 0.3851851851851852 0.013541666666666667 0.05185185185185185
3 0.5307291666666667 0.32685185185185184 0.021875 0.032407407407407406
3 0.4856770833333333 0.33796296296296297 0.022395833333333334 0.03518518518518519
3 0.4552083333333333 0.33287037037037037 0.024479166666666666 0.03796296296296296
3 0.4002604166666667 0.35324074074074074 0.014583333333333334 0.04537037037037037
3 0.38177083333333334 0.35324074074074074 0.018229166666666668 0.05185185185185185
3 0.36484375 0.35833333333333334 0.0140625 0.049074074074074076
3 0.35104166666666664 0.35509259259259257 0.014583333333333334 0.04814814814814815
3 0.35651041666666666 0.33796296296296297 0.027604166666666666 0.037037037037037035
3 0.32526041666666666 0.3106481481481482 0.0234375 0.032407407407407406
3 0.23645833333333333 0.3055555555555556 0.022916666666666665 0.040740740740740744
3 0.25729166666666664 0.3111111111111111 0.019270833333333334 0.037037037037037035
3 0.19166666666666668 0.3087962962962963 0.01875 0.03611111111111111
3 0.21328125 0.3421296296296296 0.021354166666666667 0.03981481481481482
3 0.035416666666666666 0.37777777777777777 0.033854166666666664 0.06574074074074074
4 0.61328125 0.3912037037037037 0.05 0.07037037037037037
4 0.5625 0.37777777777777777 0.035416666666666666 0.06574074074074074
4 0.37604166666666666 0.3527777777777778 0.0609375 0.062037037037037036
4 0.42239583333333336 0.3541666666666667 0.03854166666666667 0.07962962962962963
4 0.4479166666666667 0.32685185185185184 0.040625 0.044444444444444446
0 0.43723958333333335 0.3101851851851852 0.0453125 0.023148148148148147
0 0.6348958333333333 0.3384259259259259 0.053125 0.040740740740740744