0 0.51971875 0.6726203703703704 0.3206822916666667 0.3690462962962963
0 0.382078125 0.3845462962962963 0.16101041666666666 0.1890185185185185
0 0.2775885416666667 0.29297222222222224 0.10192708333333332 0.1272777777777778
3 0.2585572916666667 0.36706481481481484 0.055802083333333335 0.12830555555555556
3 0.14955208333333334 0.25727777777777777 0.023807291666666668 0.08862037037037036
3 0.10778645833333332 0.2404537037037037 0.015302083333333332 0.07769444444444444
3 0.5710572916666667 0.3346574074074074 0.05133854166666666 0.08465740740740742
0 0.5807291666666666 0.30026851851851855 0.072171875 0.09787962962962962
0 0.6476927083333333 0.2962962962962963 0.09003125000000001 0.10582407407407408
0 0.7522083333333334 0.31225 0.04861979166666666 0.06351851851851852
0 0.8779739583333334 0.44510185185185186 0.03422395833333333 0.08068518518518518
0 0.20959375 0.23003703703703704 0.07171875 0.09510185185185184
0 0.16108854166666667 0.19179629629629627 0.04984895833333333 0.07407407407407407
3 0.7273072916666667 0.31150925925925926 0.03199479166666667 0.04364814814814815
0 0.84765625 0.8593796296296297 0.097046875 0.2597685185185185