0 0.49505208333333334 0.5078703703703704 0.1046875 0.15462962962962962
0 0.3536458333333333 0.6805555555555556 0.18854166666666666 0.2351851851851852
0 0.4513020833333333 0.4375 0.08072916666666667 0.09166666666666666
0 0.6067708333333334 0.5611111111111111 0.09375 0.14444444444444443
0 0.7755208333333333 0.5018518518518519 0.075 0.1259259259259259
0 0.6377604166666667 0.46296296296296297 0.08072916666666667 0.13518518518518519
0 0.7486979166666666 0.4074074074074074 0.0515625 0.07592592592592592
0 0.5578125 0.42916666666666664 0.07083333333333333 0.09537037037037037
0 0.49947916666666664 0.3824074074074074 0.05416666666666667 0.06851851851851852
0 0.74375 0.36342592592592593 0.041666666666666664 0.05277777777777778
0 0.5888020833333333 0.38564814814814813 0.04739583333333333 0.06944444444444445
3 0.8916666666666667 0.4444444444444444 0.023958333333333335 0.07037037037037037
0 0.6955729166666667 0.34305555555555556 0.03697916666666667 0.05462962962962963
0 0.6807291666666667 0.36944444444444446 0.041666666666666664 0.05925925925925926
0 0.67265625 0.41898148148148145 0.0515625 0.08055555555555556
0 0.57734375 0.3162037037037037 0.03697916666666667 0.05277777777777778
3 0.85234375 0.5018518518518519 0.03229166666666667 0.10925925925925926
3 0.8765625 0.3888888888888889 0.015104166666666667 0.05555555555555555
3 0.8958333333333334 0.3597222222222222 0.0125 0.05092592592592592
3 0.8703125 0.3560185185185185 0.013541666666666667 0.05648148148148148
3 0.7901041666666667 0.35694444444444445 0.015104166666666667 0.05185185185185185
3 0.8020833333333334 0.3416666666666667 0.0125 0.049074074074074076
3 0.77265625 0.3402777777777778 0.011458333333333333 0.05555555555555555
3 0.7815104166666667 0.3337962962962963 0.007291666666666667 0.04814814814814815
3 0.6692708333333334 0.31527777777777777 0.013020833333333334 0.03888888888888889
3 0.60859375 0.31157407407407406 0.015625 0.04351851851851852
0 0.61875 0.36018518518518516 0.0375 0.06759259259259259
0 0.6338541666666667 0.34074074074074073 0.03125 0.06296296296296296
0 0.5458333333333333 0.35462962962962963 0.04635416666666667 0.06111111111111111
3 0.5408854166666667 0.3101851851851852 0.016145833333333335 0.03518518518518519
4 0.6697916666666667 0.39814814814814814 0.07552083333333333 0.175
4 0.78125 0.34120370370370373 0.03333333333333333 0.075
4 0.5690104166666666 0.37824074074074077 0.07239583333333334 0.1574074074074074
4 0.47734375 0.4634259259259259 0.10729166666666666 0.21851851851851853
4 0.7466145833333333 0.4064814814814815 0.04895833333333333 0.15648148148148147