3 0.403125 0.4826388888888889 0.0265625 0.09861111111111111
3 0.496875 0.3763888888888889 0.0171875 0.06111111111111111
3 0.45625 0.4284722222222222 0.0234375 0.0625
3 0.318359375 0.5715277777777777 0.04140625 0.14583333333333334
3 0.330859375 0.42777777777777776 0.021875 0.06944444444444445
3 0.10703125 0.8729166666666667 0.1109375 0.25416666666666665
3 0.2203125 0.43680555555555556 0.05 0.12222222222222222
3 0.398828125 0.38125 0.02421875 0.09027777777777778
0 0.50078125 0.3145833333333333 0.03671875 0.06388888888888888
0 0.3390625 0.9270833333333334 0.2140625 0.14583333333333334
3 0.382421875 0.3576388888888889 0.02109375 0.06666666666666667
4 0.50078125 0.34652777777777777 0.0375 0.12916666666666668
3 0.321875 0.3861111111111111 0.0203125 0.05416666666666667