0 0.5640625 0.44907407407407407 0.058333333333333334 0.10185185185185185
0 0.21875 0.33796296296296297 0.06041666666666667 0.040740740740740744
0 0.47109375 0.3398148148148148 0.05520833333333333 0.032407407407407406
0 0.36875 0.3574074074074074 0.034375 0.053703703703703705
3 0.27734375 0.5643518518518519 0.0359375 0.11388888888888889
0 0.7888020833333333 0.637962962962963 0.1171875 0.15185185185185185
0 0.14479166666666668 0.35138888888888886 0.07083333333333333 0.058333333333333334
3 0.41822916666666665 0.3680555555555556 0.011458333333333333 0.03425925925925926
3 0.35598958333333336 0.36574074074074076 0.011979166666666667 0.03888888888888889
3 0.39921875 0.36574074074074076 0.013020833333333334 0.03888888888888889
0 0.015885416666666666 0.30972222222222223 0.03177083333333333 0.025
3 0.38229166666666664 0.3675925925925926 0.0125 0.040740740740740744
0 0.22578125 0.30416666666666664 0.04479166666666667 0.03425925925925926
3 0.40286458333333336 0.3486111111111111 0.0125 0.04351851851851852
3 0.5302083333333333 0.3731481481481482 0.013020833333333334 0.049074074074074076
3 0.540625 0.38055555555555554 0.010416666666666666 0.053703703703703705
3 0.57421875 0.37546296296296294 0.014583333333333334 0.05
3 0.559375 0.3814814814814815 0.0109375 0.04351851851851852
3 0.5502604166666667 0.37407407407407406 0.008333333333333333 0.04722222222222222
0 0.27838541666666666 0.2962962962962963 0.020833333333333332 0.019444444444444445
0 0.25234375 0.29305555555555557 0.025 0.032407407407407406
3 0.88984375 0.5814814814814815 0.04375 0.12777777777777777
4 0.5541666666666667 0.375 0.058854166666666666 0.05740740740740741
4 0.40208333333333335 0.35509259259259257 0.015104166666666667 0.058333333333333334
4 0.3684895833333333 0.3587962962962963 0.040625 0.06018518518518518
4 0.23411458333333332 0.29583333333333334 0.059375 0.05092592592592592