0 0.41964062500000004 0.3763240740740741 0.15625 0.1891574074074074
0 0.31640625 0.2871111111111111 0.104125 0.12662962962962962
0 0.24890104166666666 0.22200925925925927 0.07263020833333332 0.09906481481481481
0 0.890625 0.8658888888888888 0.098265625 0.2456574074074074
0 0.6928697916666666 0.29145370370370366 0.0885 0.09439814814814815
0 0.8154322916666668 0.3027314814814815 0.06280729166666667 0.0625
0 0.9204114583333334 0.43966666666666665 0.038968749999999996 0.08246296296296296
0 0.6201197916666668 0.28341666666666665 0.080078125 0.10335185185185186
0 0.199828125 0.18837037037037035 0.052244791666666665 0.08735185185185186
0 0.09588541666666667 0.1321574074074074 0.029875 0.04359259259259259
3 0.11793229166666667 0.2109814814814815 0.018598958333333335 0.06746296296296296
3 0.147828125 0.19400925925925927 0.013427083333333334 0.05143518518518518
3 0.113953125 0.1758888888888889 0.013328125 0.04155555555555556