0 0.4750729166666667 0.3869074074074074 0.146578125 0.19973148148148148
0 0.3725572916666666 0.3051203703703703 0.10247916666666666 0.12868518518518518
0 0.3090833333333334 0.2452222222222222 0.07183854166666667 0.09885185185185186
0 0.7446302083333334 0.3131481481481481 0.09771875000000001 0.09597222222222222
0 0.8686510416666666 0.3233518518518519 0.06427083333333333 0.06510185185185186
0 0.6743177083333334 0.30707407407407405 0.07824479166666666 0.111
0 0.2553697916666667 0.20941666666666667 0.056640625 0.08078703703703703
0 0.20739583333333333 0.17187962962962963 0.04281770833333333 0.056962962962962965
0 0.1584479166666667 0.15983333333333333 0.026703125 0.05132407407407407
3 0.6629479166666666 0.3492037037037037 0.04613020833333333 0.06349074074074074
3 0.22900520833333332 0.3461388888888889 0.0260625 0.09689814814814815
3 0.25293229166666664 0.2816851851851852 0.021041666666666667 0.07166666666666667
3 0.21716145833333333 0.20789814814814814 0.016098958333333333 0.04275
3 0.19543229166666667 0.22525925925925927 0.013166666666666667 0.04950925925925926
3 0.18566666666666667 0.21224074074074073 0.013223958333333334 0.05170370370370371
3 0.8266614583333334 0.31684259259259256 0.039640625 0.047657407407407405