0 0.494140625 0.6097222222222223 0.10234375 0.23055555555555557
0 0.201171875 0.8277777777777777 0.23515625 0.3333333333333333
0 0.503515625 0.41388888888888886 0.06484375 0.1388888888888889
0 0.448046875 0.32569444444444445 0.04296875 0.07083333333333333
0 0.35078125 0.3736111111111111 0.05625 0.075
0 0.537109375 0.3013888888888889 0.02734375 0.05277777777777778
0 0.416015625 0.3972222222222222 0.04296875 0.09444444444444444
3 0.09296875 0.6 0.07890625 0.16111111111111112
0 0.5078125 0.31805555555555554 0.03203125 0.06944444444444445
4 0.43359375 0.36944444444444446 0.07109375 0.1527777777777778
4 0.187890625 0.7583333333333333 0.26015625 0.4736111111111111