0 0.410546875 0.38958333333333334 0.06484375 0.10138888888888889
0 0.22890625 0.49444444444444446 0.1265625 0.17222222222222222
0 0.4515625 0.7347222222222223 0.1359375 0.2833333333333333
0 0.480859375 0.44305555555555554 0.06484375 0.10277777777777777
3 0.29765625 0.5958333333333333 0.04375 0.15555555555555556
0 0.52109375 0.37083333333333335 0.0421875 0.08333333333333333
0 0.44609375 0.32916666666666666 0.0375 0.07222222222222222
3 0.543359375 0.5770833333333333 0.03515625 0.15138888888888888
0 0.55078125 0.28541666666666665 0.0328125 0.07083333333333333
0 0.81640625 0.8652777777777778 0.26953125 0.26944444444444443
4 0.24375 0.5444444444444444 0.15625 0.28888888888888886
4 0.422265625 0.36875 0.08828125 0.15138888888888888