0 0.31927083333333334 0.4587962962962963 0.08125 0.09722222222222222
3 0.39739583333333334 0.36435185185185187 0.0125 0.03796296296296296
0 0.37005208333333334 0.31296296296296294 0.0421875 0.03333333333333333
3 0.45989583333333334 0.32685185185185184 0.014583333333333334 0.025925925925925925
0 0.19401041666666666 0.3087962962962963 0.0296875 0.030555555555555555
0 0.22786458333333334 0.3 0.025520833333333333 0.03148148148148148
0 0.17682291666666666 0.30648148148148147 0.027604166666666666 0.03148148148148148
3 0.5067708333333333 0.3296296296296296 0.015625 0.024074074074074074
3 0.14114583333333333 0.33194444444444443 0.0125 0.030555555555555555
3 0.10546875 0.3384259259259259 0.013020833333333334 0.030555555555555555
0 0.25026041666666665 0.29259259259259257 0.024479166666666666 0.025925925925925925
0 0.33229166666666665 0.3013888888888889 0.0375 0.03425925925925926
3 0.69453125 0.34444444444444444 0.014583333333333334 0.032407407407407406
3 0.7002604166666667 0.3439814814814815 0.015104166666666667 0.03518518518518519
0 0.21041666666666667 0.2986111111111111 0.0171875 0.028703703703703703
3 0.40208333333333335 0.3111111111111111 0.015625 0.02962962962962963
4 0.35234375 0.3055555555555556 0.0796875 0.05925925925925926