0 0.7380208333333333 0.7171296296296297 0.1375 0.23796296296296296
0 0.45625 0.37916666666666665 0.04583333333333333 0.06944444444444445
0 0.42135416666666664 0.36435185185185187 0.03229166666666667 0.05277777777777778
0 0.5684895833333333 0.4671296296296296 0.0546875 0.10092592592592593
0 0.5080729166666667 0.38657407407407407 0.03177083333333333 0.05092592592592592
0 0.5638020833333334 0.3958333333333333 0.04010416666666667 0.05462962962962963
3 0.3489583333333333 0.3625 0.011458333333333333 0.030555555555555555
0 0.6828125 0.41435185185185186 0.040625 0.06759259259259259
0 0.5567708333333333 0.3712962962962963 0.03229166666666667 0.05
0 0.6213541666666667 0.3972222222222222 0.03333333333333333 0.053703703703703705
0 0.6028645833333334 0.38287037037037036 0.0265625 0.04722222222222222
0 0.24505208333333334 0.29583333333333334 0.024479166666666666 0.026851851851851852
3 0.62421875 0.4166666666666667 0.021354166666666667 0.04814814814814815
0 0.26510416666666664 0.29444444444444445 0.017708333333333333 0.02962962962962963
3 0.3653645833333333 0.3578703703703704 0.015625 0.05
3 0.38229166666666664 0.3527777777777778 0.016145833333333335 0.05555555555555555
3 0.40130208333333334 0.3541666666666667 0.015625 0.05462962962962963
3 0.5317708333333333 0.36944444444444446 0.015625 0.05462962962962963
4 0.6153645833333333 0.39814814814814814 0.0484375 0.09259259259259259
4 0.5658854166666667 0.4305555555555556 0.04791666666666667 0.18055555555555555
4 0.5515625 0.3763888888888889 0.058854166666666666 0.1
4 0.4427083333333333 0.37407407407407406 0.06770833333333333 0.09074074074074075
4 0.3763020833333333 0.35324074074074074 0.07291666666666667 0.08055555555555556