0 0.559375 0.375 0.035416666666666666 0.06666666666666667
0 0.10234375 0.33055555555555555 0.04583333333333333 0.044444444444444446
0 0.23984375 0.29768518518518516 0.025520833333333333 0.02962962962962963
0 0.8221354166666667 0.850462962962963 0.19895833333333332 0.29074074074074074
0 0.10729166666666666 0.6768518518518518 0.20989583333333334 0.22037037037037038
3 0.3533854166666667 0.3592592592592593 0.013541666666666667 0.053703703703703705
3 0.3653645833333333 0.3541666666666667 0.009895833333333333 0.03796296296296296
3 0.38229166666666664 0.35185185185185186 0.011979166666666667 0.04259259259259259
3 0.6880208333333333 0.33796296296296297 0.016666666666666666 0.03333333333333333
3 0.696875 0.34444444444444444 0.015104166666666667 0.03148148148148148
4 0.36796875 0.3541666666666667 0.051041666666666666 0.06944444444444445