0 0.47172395833333336 0.4087314814814815 0.150296875 0.18518518518518517
0 0.367921875 0.31162962962962965 0.10376041666666666 0.12814814814814815
0 0.302734375 0.2517407407407407 0.07238541666666666 0.09651851851851852
0 0.669921875 0.31923148148148145 0.0808125 0.10780555555555556
0 0.7426770833333334 0.32422222222222224 0.08990625000000001 0.09456481481481481
0 0.251953125 0.21614814814814814 0.055421874999999995 0.08121296296296296
0 0.8666979166666666 0.33354629629629634 0.06842187500000001 0.06711111111111112
0 0.9165052083333334 0.8906296296296297 0.05319270833333333 0.21853703703703706
0 0.15197916666666667 0.17404629629629628 0.018187500000000002 0.029268518518518517
3 0.6566197916666667 0.3551574074074074 0.046875 0.09920370370370371
3 0.193359375 0.2944907407407408 0.01953125 0.06575925925925925
3 0.223875 0.2643240740740741 0.015192708333333334 0.049805555555555554
3 0.177125 0.2230925925925926 0.010697916666666666 0.03719444444444445
3 0.2160625 0.20725000000000002 0.016921875 0.04114814814814815
3 0.8188229166666667 0.32605555555555554 0.029015625 0.054231481481481485