0 0.22578125 0.3282407407407407 0.0828125 0.06018518518518518
0 0.0890625 0.34305555555555556 0.06875 0.075
3 0.8747395833333333 0.3587962962962963 0.016145833333333335 0.04351851851851852
0 0.38958333333333334 0.2949074074074074 0.04895833333333333 0.03981481481481482
0 0.80625 0.275 0.026041666666666668 0.03148148148148148
0 0.029947916666666668 0.3388888888888889 0.058854166666666666 0.06296296296296296
3 0.6140625 0.35555555555555557 0.015625 0.053703703703703705
0 0.68046875 0.2967592592592593 0.0453125 0.032407407407407406
0 0.32864583333333336 0.3050925925925926 0.03958333333333333 0.03611111111111111
0 0.7372395833333333 0.3578703703703704 0.0421875 0.06388888888888888
0 0.7296875 0.3347222222222222 0.035416666666666666 0.04351851851851852
0 0.6458333333333334 0.3194444444444444 0.03333333333333333 0.06296296296296296
0 0.7924479166666667 0.3578703703703704 0.043229166666666666 0.06296296296296296
0 0.7783854166666667 0.32685185185185184 0.0234375 0.040740740740740744
4 0.7361979166666667 0.35138888888888886 0.04375 0.08148148148148149
0 0.5799479166666667 0.32314814814814813 0.0453125 0.0712962962962963
0 0.5927083333333333 0.28703703703703703 0.052083333333333336 0.03518518518518519
4 0.584375 0.3138888888888889 0.05260416666666667 0.10555555555555556
4 0.6627604166666666 0.31851851851851853 0.078125 0.06944444444444445