0 0.520703125 0.7083333333333334 0.12109375 0.3013888888888889
0 0.2796875 0.4465277777777778 0.103125 0.12916666666666668
0 0.400390625 0.4111111111111111 0.07265625 0.14166666666666666
0 0.505859375 0.4270833333333333 0.06640625 0.12361111111111112
0 0.745703125 0.6715277777777777 0.17578125 0.36527777777777776
0 0.500390625 0.3451388888888889 0.04921875 0.07916666666666666
0 0.42734375 0.2875 0.03828125 0.059722222222222225
0 0.465234375 0.29305555555555557 0.03203125 0.05555555555555555
0 0.50390625 0.29375 0.03046875 0.04861111111111111
3 0.55625 0.3659722222222222 0.01953125 0.07361111111111111
0 0.39140625 0.32916666666666666 0.05078125 0.08194444444444444
0 0.35234375 0.3284722222222222 0.03515625 0.09305555555555556
3 0.543359375 0.35347222222222224 0.0171875 0.06111111111111111
4 0.377734375 0.33055555555555555 0.07890625 0.09166666666666666
4 0.50625 0.38680555555555557 0.06640625 0.23333333333333334
4 0.54921875 0.36527777777777776 0.03203125 0.08611111111111111
4 0.445703125 0.28888888888888886 0.065625 0.06944444444444445
4 0.398828125 0.3888888888888889 0.07265625 0.18333333333333332