0 0.7471354166666667 0.7388888888888889 0.13489583333333333 0.23333333333333334
0 0.45859375 0.3726851851851852 0.0421875 0.06574074074074074
0 0.42135416666666664 0.36435185185185187 0.03333333333333333 0.05648148148148148
0 0.5520833333333334 0.4310185185185185 0.046875 0.08055555555555556
0 0.5072916666666667 0.38981481481481484 0.03854166666666667 0.06666666666666667
0 0.5630208333333333 0.39814814814814814 0.03854166666666667 0.06851851851851852
0 0.2484375 0.9412037037037037 0.3020833333333333 0.11574074074074074
3 0.3489583333333333 0.36342592592592593 0.010416666666666666 0.030555555555555555
0 0.6213541666666667 0.4027777777777778 0.034375 0.06481481481481481
0 0.7083333333333334 0.3680555555555556 0.040625 0.05092592592592592
0 0.5588541666666667 0.36944444444444446 0.03229166666666667 0.046296296296296294
0 0.6033854166666667 0.3824074074074074 0.0265625 0.04814814814814815
0 0.24427083333333333 0.2962962962962963 0.020833333333333332 0.025925925925925925
0 0.26536458333333335 0.2953703703703704 0.019270833333333334 0.027777777777777776
3 0.58125 0.33425925925925926 0.016666666666666666 0.025925925925925925
3 0.5369791666666667 0.36944444444444446 0.013541666666666667 0.03888888888888889
3 0.36484375 0.35555555555555557 0.014583333333333334 0.04351851851851852
3 0.3828125 0.3537037037037037 0.015625 0.049074074074074076
3 0.4010416666666667 0.35509259259259257 0.013020833333333334 0.04722222222222222
3 0.6072916666666667 0.44166666666666665 0.026041666666666668 0.0787037037037037
4 0.61484375 0.3962962962962963 0.046875 0.07592592592592592
4 0.6088541666666667 0.41203703703703703 0.06302083333333333 0.1175925925925926
4 0.5575520833333333 0.41064814814814815 0.052083333333333336 0.125
4 0.5341145833333333 0.36666666666666664 0.019270833333333334 0.053703703703703705
4 0.41067708333333336 0.36898148148148147 0.13854166666666667 0.09722222222222222
4 0.56484375 0.4083333333333333 0.15208333333333332 0.13240740740740742