0 0.046875 0.33935185185185185 0.08333333333333333 0.06944444444444445
0 0.6453125 0.3194444444444444 0.030208333333333334 0.05740740740740741
0 0.7385416666666667 0.36018518518518516 0.04114583333333333 0.07314814814814814
0 0.10833333333333334 0.275 0.058333333333333334 0.037037037037037035
0 0.7919270833333333 0.35509259259259257 0.04010416666666667 0.06296296296296296
0 0.5791666666666667 0.3212962962962963 0.0375 0.053703703703703705
0 0.7934895833333333 0.26944444444444443 0.021875 0.02962962962962963
0 0.40286458333333336 0.24722222222222223 0.030729166666666665 0.03148148148148148
0 0.8950520833333333 0.33287037037037037 0.05416666666666667 0.06666666666666667
0 0.15338541666666666 0.35138888888888886 0.07864583333333333 0.04351851851851852
0 0.22057291666666667 0.2726851851851852 0.020833333333333332 0.026851851851851852
0 0.08203125 0.27361111111111114 0.019791666666666666 0.030555555555555555
3 0.5221354166666666 0.3731481481481482 0.018229166666666668 0.06944444444444445
3 0.6135416666666667 0.3175925925925926 0.0109375 0.03981481481481482
3 0.24036458333333333 0.2722222222222222 0.015625 0.02962962962962963
3 0.16223958333333333 0.2833333333333333 0.016666666666666666 0.03148148148148148
3 0.7731770833333333 0.32731481481481484 0.013020833333333334 0.03888888888888889
0 0.7328125 0.325 0.03333333333333333 0.024074074074074074
4 0.7375 0.350462962962963 0.0484375 0.09259259259259259
4 0.7895833333333333 0.3421296296296296 0.05 0.08518518518518518