3 0.0828125 0.6263888888888889 0.103125 0.19305555555555556
0 0.436328125 0.3548611111111111 0.04140625 0.07777777777777778
0 0.438671875 0.29375 0.0296875 0.05138888888888889
3 0.382421875 0.33055555555555555 0.01796875 0.034722222222222224
3 0.411328125 0.3194444444444444 0.0171875 0.03333333333333333
0 0.50625 0.38055555555555554 0.0609375 0.15833333333333333
3 0.552734375 0.3680555555555556 0.01953125 0.04583333333333333
0 0.254296875 0.76875 0.21484375 0.4097222222222222
3 0.28125 0.47847222222222224 0.0375 0.07916666666666666
3 0.36484375 0.36180555555555555 0.015625 0.04027777777777778
3 0.337890625 0.48333333333333334 0.0296875 0.08333333333333333
3 0.344140625 0.39444444444444443 0.01953125 0.06527777777777778
4 0.5078125 0.3784722222222222 0.06015625 0.15
4 0.437109375 0.3277777777777778 0.03984375 0.12916666666666668
4 0.340234375 0.45208333333333334 0.03515625 0.15833333333333333