3 0.5802083333333333 0.3990740740740741 0.014583333333333334 0.05
3 0.011458333333333333 0.3351851851851852 0.020833333333333332 0.040740740740740744
3 0.35572916666666665 0.36527777777777776 0.011458333333333333 0.03981481481481482
3 0.5484375 0.38472222222222224 0.011458333333333333 0.03425925925925926
3 0.39869791666666665 0.36712962962962964 0.0109375 0.03425925925925926
3 0.6325520833333333 0.7 0.0421875 0.13518518518518519
3 0.38177083333333334 0.3680555555555556 0.0125 0.03796296296296296
0 0.36953125 0.35694444444444445 0.030729166666666665 0.05277777777777778
3 0.69375 0.34629629629629627 0.013541666666666667 0.027777777777777776
3 0.7005208333333334 0.34444444444444444 0.016666666666666666 0.032407407407407406
3 0.7080729166666667 0.34675925925925927 0.014583333333333334 0.03425925925925926
3 0.41510416666666666 0.3574074074074074 0.0140625 0.04814814814814815
3 0.20703125 0.2916666666666667 0.009895833333333333 0.024074074074074074
4 0.3684895833333333 0.36064814814814816 0.04010416666666667 0.07037037037037037