0 0.4864583333333333 0.41898148148148145 0.05 0.0787037037037037
0 0.45807291666666666 0.3736111111111111 0.04010416666666667 0.06574074074074074
0 0.42083333333333334 0.3638888888888889 0.03229166666666667 0.05555555555555555
0 0.5526041666666667 0.42916666666666664 0.04583333333333333 0.07685185185185185
3 0.6307291666666667 0.48935185185185187 0.021875 0.075
0 0.5098958333333333 0.38842592592592595 0.035416666666666666 0.06574074074074074
0 0.5645833333333333 0.4013888888888889 0.035416666666666666 0.06574074074074074
0 0.6213541666666667 0.39814814814814814 0.03229166666666667 0.053703703703703705
0 0.5598958333333334 0.36666666666666664 0.030208333333333334 0.04259259259259259
0 0.24557291666666667 0.29583333333333334 0.022395833333333334 0.026851851851851852
0 0.6033854166666667 0.38333333333333336 0.025520833333333333 0.04814814814814815
3 0.428125 0.6300925925925925 0.041666666666666664 0.11574074074074074
0 0.440625 0.32916666666666666 0.05416666666666667 0.03611111111111111
3 0.5315104166666667 0.37037037037037035 0.014583333333333334 0.041666666666666664
0 0.26536458333333335 0.2953703703703704 0.018229166666666668 0.027777777777777776
3 0.7130208333333333 0.5527777777777778 0.03854166666666667 0.12407407407407407
3 0.3494791666666667 0.35694444444444445 0.018229166666666668 0.05185185185185185
3 0.3651041666666667 0.35648148148148145 0.0125 0.049074074074074076
3 0.38333333333333336 0.3541666666666667 0.018229166666666668 0.05
3 0.4010416666666667 0.3537037037037037 0.0125 0.049074074074074076
3 0.6846354166666667 0.35648148148148145 0.026041666666666668 0.044444444444444446
3 0.6640625 0.3490740740740741 0.025520833333333333 0.03981481481481482
0 0.2234375 0.29583333333333334 0.026041666666666668 0.03518518518518519
4 0.6161458333333333 0.3939814814814815 0.051041666666666666 0.08703703703703704
3 0.59140625 0.3907407407407407 0.0125 0.05185185185185185
3 0.5854166666666667 0.3814814814814815 0.008333333333333333 0.049074074074074076
4 0.5578125 0.40925925925925927 0.051041666666666666 0.1259259259259259
4 0.49583333333333335 0.4023148148148148 0.0625 0.0962962962962963
4 0.4752604166666667 0.39675925925925926 0.07291666666666667 0.11388888888888889
4 0.3893229166666667 0.3611111111111111 0.09270833333333334 0.06388888888888888
4 0.44140625 0.3578703703703704 0.0734375 0.09351851851851851