0 0.246484375 0.6569444444444444 0.15078125 0.23333333333333334
0 0.46875 0.5361111111111111 0.0984375 0.23055555555555557
0 0.6015625 0.7569444444444444 0.140625 0.30277777777777776
0 0.34140625 0.3784722222222222 0.0625 0.09583333333333334
0 0.416015625 0.3861111111111111 0.05234375 0.09166666666666666
0 0.5546875 0.4284722222222222 0.059375 0.10972222222222222
0 0.54453125 0.30069444444444443 0.034375 0.06805555555555555
0 0.02265625 0.8215277777777777 0.0453125 0.20694444444444443
0 0.502734375 0.3034722222222222 0.03359375 0.06805555555555555
0 0.47890625 0.3909722222222222 0.059375 0.09027777777777778
3 0.180859375 0.47430555555555554 0.05 0.08888888888888889
4 0.471875 0.4979166666666667 0.08984375 0.3055555555555556