3 0.74375 0.4412037037037037 0.023958333333333335 0.07685185185185185
0 0.275 0.2763888888888889 0.04895833333333333 0.030555555555555555
0 0.38203125 0.2847222222222222 0.049479166666666664 0.032407407407407406
0 0.8393229166666667 0.37777777777777777 0.05677083333333333 0.07962962962962963
0 0.7895833333333333 0.35694444444444445 0.03802083333333333 0.053703703703703705
3 0.8127604166666667 0.3347222222222222 0.009375 0.03981481481481482
3 0.7713541666666667 0.3277777777777778 0.009895833333333333 0.041666666666666664
0 0.7393229166666667 0.3578703703703704 0.03802083333333333 0.06018518518518518
0 0.7348958333333333 0.3287037037037037 0.029166666666666667 0.027777777777777776
4 0.7395833333333334 0.34953703703703703 0.040625 0.08148148148148149
0 0.6950520833333333 0.32407407407407407 0.033854166666666664 0.05462962962962963
0 0.6471354166666666 0.31712962962962965 0.033854166666666664 0.06111111111111111
0 0.5752604166666667 0.3449074074074074 0.0359375 0.05462962962962963
3 0.61328125 0.3162037037037037 0.0125 0.04814814814814815
3 0.54765625 0.32037037037037036 0.015104166666666667 0.053703703703703705
3 0.5401041666666667 0.3087962962962963 0.0109375 0.044444444444444446
3 0.5296875 0.30648148148148147 0.009895833333333333 0.046296296296296294
3 0.5794270833333334 0.30694444444444446 0.009375 0.030555555555555555
4 0.5401041666666667 0.3143518518518518 0.03229166666666667 0.06388888888888888
4 0.5765625 0.33240740740740743 0.034895833333333334 0.08333333333333333
4 0.78828125 0.3435185185185185 0.041666666666666664 0.07592592592592592
3 0.9505208333333334 0.5217592592592593 0.030208333333333334 0.12685185185185185
0 0.4231770833333333 0.28379629629629627 0.041666666666666664 0.03333333333333333