3 0.6859375 0.38055555555555554 0.011458333333333333 0.03148148148148148
3 0.7252604166666666 0.4685185185185185 0.021354166666666667 0.06666666666666667
0 0.6380208333333334 0.33564814814814814 0.04791666666666667 0.03425925925925926
3 0.35520833333333335 0.36712962962962964 0.0125 0.03796296296296296
3 0.16588541666666667 0.35648148148148145 0.024479166666666666 0.040740740740740744
0 0.5872395833333334 0.32407407407407407 0.044270833333333336 0.03518518518518519
3 0.72578125 0.48518518518518516 0.018229166666666668 0.05
0 0.2513020833333333 0.29398148148148145 0.0234375 0.026851851851851852
3 0.3997395833333333 0.36203703703703705 0.0140625 0.04259259259259259
0 0.26875 0.29305555555555557 0.016666666666666666 0.021296296296296296
0 0.3692708333333333 0.35694444444444445 0.034375 0.05648148148148148
3 0.20885416666666667 0.3425925925925926 0.0203125 0.04259259259259259
0 0.3671875 0.3143518518518518 0.04479166666666667 0.041666666666666664
3 0.42890625 0.31666666666666665 0.0203125 0.03333333333333333
3 0.47421875 0.3351851851851852 0.021875 0.03518518518518519
3 0.48671875 0.3314814814814815 0.0171875 0.03611111111111111
3 0.40390625 0.35 0.011458333333333333 0.04259259259259259
3 0.5145833333333333 0.33194444444444443 0.022395833333333334 0.030555555555555555
3 0.5317708333333333 0.3375 0.024479166666666666 0.037037037037037035
3 0.5653645833333333 0.3314814814814815 0.019791666666666666 0.03425925925925926
3 0.5536458333333333 0.325 0.019270833333333334 0.030555555555555555
3 0.5489583333333333 0.3768518518518518 0.0125 0.04814814814814815
3 0.559375 0.38425925925925924 0.011458333333333333 0.05092592592592592
3 0.5739583333333333 0.3773148148148148 0.013541666666666667 0.05462962962962963
0 0.74296875 0.3439814814814815 0.03802083333333333 0.044444444444444446
3 0.21119791666666668 0.29907407407407405 0.0109375 0.02962962962962963
3 0.23229166666666667 0.2953703703703704 0.009375 0.025925925925925925
3 0.24322916666666666 0.2962962962962963 0.011979166666666667 0.030555555555555555
4 0.5604166666666667 0.32731481481481484 0.027604166666666666 0.037037037037037035
4 0.5234375 0.33564814814814814 0.0359375 0.03611111111111111
4 0.4791666666666667 0.3351851851851852 0.029166666666666667 0.03518518518518519
4 0.5541666666666667 0.3814814814814815 0.0203125 0.058333333333333334
4 0.40130208333333334 0.3560185185185185 0.015104166666666667 0.049074074074074076
4 0.36822916666666666 0.36018518518518516 0.040625 0.05740740740740741
3 0.384375 0.3300925925925926 0.015625 0.02962962962962963
4 0.37135416666666665 0.3472222222222222 0.044270833333333336 0.07592592592592592
4 0.37005208333333334 0.32037037037037036 0.04895833333333333 0.049074074074074076
4 0.7276041666666667 0.4708333333333333 0.028645833333333332 0.08888888888888889
4 0.5786458333333333 0.3277777777777778 0.065625 0.040740740740740744