0 0.194140625 0.8305555555555556 0.21875 0.3388888888888889
0 0.392578125 0.4 0.0640625 0.10277777777777777
0 0.413671875 0.3013888888888889 0.040625 0.06805555555555555
0 0.477734375 0.40208333333333335 0.06015625 0.09027777777777778
0 0.5421875 0.35625 0.04453125 0.07777777777777778
0 0.977734375 0.35555555555555557 0.0421875 0.0625
0 0.504296875 0.33611111111111114 0.03671875 0.05416666666666667
0 0.7359375 0.26458333333333334 0.01796875 0.02638888888888889
0 0.648828125 0.23402777777777778 0.02109375 0.020833333333333332
0 0.58984375 0.3763888888888889 0.02734375 0.0763888888888889
0 0.81640625 0.2923611111111111 0.08125 0.043055555555555555
0 0.805859375 0.28888888888888886 0.028125 0.029166666666666667
3 0.29921875 0.40555555555555556 0.0265625 0.10416666666666667
3 0.368359375 0.3375 0.0203125 0.04861111111111111
3 0.436328125 0.5527777777777778 0.03984375 0.16805555555555557
3 0.50625 0.6006944444444444 0.046875 0.18472222222222223
4 0.388671875 0.38055555555555554 0.06796875 0.1375
4 0.54765625 0.36180555555555555 0.11484375 0.12777777777777777
4 0.47421875 0.5277777777777778 0.115625 0.3388888888888889