0 0.55078125 0.6475740740740741 0.29394791666666664 0.3532962962962963
3 0.654015625 0.5218240740740742 0.07886979166666667 0.08862037037037036
2 0.5502239583333334 0.6474907407407408 0.296875 0.3584629629629629
0 0.8520520833333334 0.8476574074074075 0.09533854166666668 0.23871296296296296
0 0.8859999999999999 0.43250925925925926 0.04083333333333334 0.08262962962962962
0 0.7778333333333334 0.2934074074074074 0.060760416666666664 0.06624074074074075
0 0.6557604166666666 0.2816851851851852 0.10070833333333334 0.09526851851851852
0 0.5874010416666666 0.2771296296296296 0.07934375 0.11425925925925927
3 0.575890625 0.317462962962963 0.05505729166666666 0.08465740740740742
0 0.16565104166666667 0.17046296296296296 0.06042708333333333 0.08289814814814815
0 0.2814947916666667 0.2662777777777778 0.10034375 0.12662962962962962
0 0.3940416666666666 0.3624351851851852 0.149046875 0.1851111111111111
3 0.1779791666666667 0.25542592592592595 0.027114583333333334 0.10275925925925926
0 0.216796875 0.20889814814814817 0.07134895833333334 0.09619444444444444
3 0.12915104166666666 0.24110185185185184 0.019760416666666666 0.09114814814814814
0 0.11419791666666666 0.13368518518518518 0.0376875 0.061796296296296294
0 0.08477604166666668 0.13725925925925928 0.017442708333333334 0.05924074074074074
3 0.3361822916666667 0.3884537037037037 0.055421874999999995 0.1793611111111111