0 0.5493177083333334 0.6657962962962962 0.292234375 0.35437962962962966
3 0.6450885416666666 0.5489444444444445 0.09821354166666667 0.11639814814814814
0 0.3884270833333333 0.38215740740740745 0.15636979166666667 0.18869444444444444
0 0.283203125 0.28798148148148145 0.10015625 0.11816666666666667
0 0.2160625 0.22743518518518518 0.06719791666666668 0.09564814814814815
0 0.1589375 0.19400925925925927 0.060640625000000004 0.08322222222222221
0 0.5811458333333334 0.2860277777777778 0.07976041666666665 0.09524074074074074
0 0.6497395833333334 0.29835185185185187 0.09179166666666667 0.08311111111111112
0 0.7696927083333333 0.3098518518518518 0.05898958333333334 0.06271296296296297
3 0.572546875 0.3333333333333333 0.04984895833333333 0.07142592592592592
0 0.88109375 0.4518240740740741 0.04147395833333333 0.0835462962962963
0 0.8515625 0.8654537037037038 0.09466666666666666 0.2452222222222222
0 0.108765625 0.15592592592592594 0.029083333333333336 0.059027777777777776
3 0.17370833333333333 0.29014814814814816 0.02645833333333333 0.0738425925925926
3 0.1224375 0.2701851851851852 0.01815625 0.06488888888888888
3 0.30692187499999996 0.39682407407407405 0.05431770833333334 0.14814814814814814
2 0.5498489583333334 0.6666666666666666 0.29315625 0.3571388888888889
3 0.7269322916666667 0.3101851851851852 0.03125 0.046296296296296294