0 0.22265625 0.28055555555555556 0.050520833333333334 0.03888888888888889
0 0.66875 0.2912037037037037 0.06041666666666667 0.04351851851851852
0 0.33046875 0.27870370370370373 0.057291666666666664 0.03333333333333333
3 0.5140625 0.3699074074074074 0.01875 0.049074074074074076
0 0.17552083333333332 0.27685185185185185 0.04791666666666667 0.02962962962962963
0 0.4875 0.4527777777777778 0.08020833333333334 0.09259259259259259
0 0.7908854166666667 0.35694444444444445 0.03697916666666667 0.05648148148148148
0 0.303125 0.27546296296296297 0.035416666666666666 0.030555555555555555
0 0.7377604166666667 0.350462962962963 0.043229166666666666 0.08055555555555556
0 0.6455729166666667 0.3194444444444444 0.034895833333333334 0.05925925925925926
3 0.540625 0.30925925925925923 0.0109375 0.03981481481481482
3 0.6119791666666666 0.31712962962962965 0.011458333333333333 0.04351851851851852
0 0.5802083333333333 0.32546296296296295 0.03333333333333333 0.04722222222222222
3 0.5533854166666666 0.3226851851851852 0.0140625 0.05092592592592592
4 0.5638020833333334 0.3189814814814815 0.06979166666666667 0.06296296296296296
4 0.6614583333333334 0.31296296296296294 0.06927083333333334 0.08425925925925926
4 0.3184895833333333 0.27824074074074073 0.07239583333333334 0.037037037037037035
4 0.20130208333333333 0.2759259259259259 0.1015625 0.040740740740740744