0 0.48880208333333336 0.412962962962963 0.04739583333333333 0.07777777777777778
0 0.5526041666666667 0.4305555555555556 0.046875 0.07962962962962963
0 0.45651041666666664 0.3731481481481482 0.03802083333333333 0.06481481481481481
0 0.42135416666666664 0.3638888888888889 0.03229166666666667 0.05555555555555555
0 0.5096354166666667 0.38981481481481484 0.0359375 0.06481481481481481
0 0.5645833333333333 0.3976851851851852 0.035416666666666666 0.058333333333333334
0 0.621875 0.3972222222222222 0.03229166666666667 0.05185185185185185
0 0.5588541666666667 0.3685185185185185 0.030208333333333334 0.046296296296296294
3 0.54609375 0.49212962962962964 0.0359375 0.08796296296296297
0 0.6026041666666667 0.3824074074074074 0.025 0.046296296296296294
0 0.24609375 0.2953703703703704 0.0234375 0.027777777777777776
3 0.6252604166666667 0.41388888888888886 0.019270833333333334 0.04814814814814815
3 0.35104166666666664 0.36342592592592593 0.0125 0.03611111111111111
3 0.53125 0.3675925925925926 0.013541666666666667 0.04259259259259259
0 0.26484375 0.2949074074074074 0.019270833333333334 0.030555555555555555
3 0.365625 0.3574074074074074 0.011979166666666667 0.046296296296296294
3 0.38125 0.3537037037037037 0.015625 0.05
3 0.4005208333333333 0.3541666666666667 0.0140625 0.04537037037037037
3 0.5955729166666667 0.39814814814814814 0.01875 0.05740740740740741
3 0.58515625 0.38333333333333336 0.014583333333333334 0.05555555555555555
3 0.5380208333333333 0.36342592592592593 0.011979166666666667 0.044444444444444446
3 0.47109375 0.44351851851851853 0.024479166666666666 0.0712962962962963
3 0.69765625 0.35509259259259257 0.021875 0.041666666666666664
3 0.7236979166666667 0.3611111111111111 0.027083333333333334 0.040740740740740744
0 0.22265625 0.2967592592592593 0.024479166666666666 0.03425925925925926
4 0.5908854166666667 0.3958333333333333 0.018229166666666668 0.07222222222222222
4 0.61796875 0.4 0.0484375 0.09722222222222222
4 0.5580729166666667 0.40879629629629627 0.049479166666666664 0.13518518518518519
4 0.534375 0.36574074074074076 0.016145833333333335 0.05
4 0.49765625 0.4046296296296296 0.053125 0.09444444444444444
4 0.4859375 0.4222222222222222 0.057291666666666664 0.10185185185185185
4 0.44140625 0.36898148148148147 0.06822916666666666 0.06944444444444445
4 0.3763020833333333 0.35648148148148145 0.065625 0.06111111111111111