0 0.6591145833333333 0.3972222222222222 0.0359375 0.05925925925925926
3 0.421875 0.3421296296296296 0.017708333333333333 0.04722222222222222
3 0.6244791666666667 0.35324074074074074 0.011458333333333333 0.03888888888888889
3 0.6895833333333333 0.3384259259259259 0.018229166666666668 0.026851851851851852
3 0.7057291666666666 0.34629629629629627 0.0171875 0.028703703703703703
3 0.6450520833333333 0.32037037037037036 0.015104166666666667 0.028703703703703703
0 0.5575520833333333 0.31203703703703706 0.014583333333333334 0.02962962962962963
0 0.55625 0.2953703703703704 0.011979166666666667 0.018518518518518517
0 0.5682291666666667 0.28935185185185186 0.008854166666666666 0.018518518518518517
0 0.23645833333333333 0.29814814814814816 0.015625 0.025
0 0.25234375 0.29768518518518516 0.021875 0.030555555555555555
3 0.19453125 0.29907407407407405 0.009375 0.027777777777777776
3 0.20208333333333334 0.29907407407407405 0.010416666666666666 0.028703703703703703
3 0.21302083333333333 0.29953703703703705 0.009895833333333333 0.028703703703703703
3 0.17447916666666666 0.2949074074074074 0.009895833333333333 0.022222222222222223