0 0.5476197916666667 0.6474907407407408 0.2857135416666667 0.3373055555555556
3 0.6316979166666666 0.5350555555555556 0.11755729166666667 0.10978703703703703
2 0.548734375 0.6494722222222222 0.2894322916666667 0.34391666666666665
0 0.39184375 0.3650185185185185 0.15051041666666667 0.1851111111111111
0 0.2827395833333333 0.2791018518518519 0.09523958333333334 0.12169444444444445
0 0.21716145833333333 0.21083333333333332 0.06878645833333333 0.0925
3 0.31956770833333337 0.39549999999999996 0.05878125 0.1587314814814815
3 0.175171875 0.2604166666666667 0.026807291666666667 0.0974351851851852
3 0.12365625 0.24153703703703705 0.01923958333333333 0.08913888888888888
0 0.8823229166666666 0.43598148148148147 0.04061979166666666 0.08750925925925926
0 0.8515625 0.8528611111111112 0.09417708333333333 0.2419722222222222
0 0.7744166666666668 0.29839814814814813 0.06021354166666667 0.06271296296296297
0 0.6533229166666668 0.2871111111111111 0.09790104166666666 0.09510185185185184
0 0.5849635416666668 0.2818981481481481 0.07946875 0.11262962962962964
3 0.5740312500000001 0.32010185185185186 0.052828125000000004 0.08994444444444445
0 0.16369791666666667 0.17501851851851852 0.06152604166666666 0.08306481481481481
0 0.11340104166666666 0.1402962962962963 0.034088541666666666 0.062333333333333324