3 0.690625 0.3888888888888889 0.0125 0.03518518518518519
3 0.35625 0.36574074074074076 0.011458333333333333 0.03888888888888889
3 0.5729166666666666 0.3763888888888889 0.013541666666666667 0.04537037037037037
0 0.12786458333333334 0.337037037037037 0.044270833333333336 0.03518518518518519
3 0.4 0.3597222222222222 0.014583333333333334 0.049074074074074076
0 0.3692708333333333 0.3578703703703704 0.035416666666666666 0.05462962962962963
0 0.5919270833333333 0.3055555555555556 0.018229166666666668 0.025925925925925925
3 0.5486979166666667 0.37824074074074077 0.015625 0.05
3 0.5578125 0.38425925925925924 0.013020833333333334 0.05185185185185185
3 0.40338541666666666 0.3472222222222222 0.014583333333333334 0.044444444444444446
4 0.5536458333333333 0.37916666666666665 0.020833333333333332 0.05648148148148148
4 0.36953125 0.3574074074074074 0.041666666666666664 0.06018518518518518
4 0.40182291666666664 0.3574074074074074 0.018229166666666668 0.06296296296296296