3 0.7471354166666667 0.39814814814814814 0.0203125 0.05925925925925926
3 0.8653645833333333 0.39166666666666666 0.0171875 0.05740740740740741
0 0.87265625 0.3537037037037037 0.0421875 0.06481481481481481
0 0.16145833333333334 0.27824074074074073 0.03958333333333333 0.032407407407407406
0 0.12604166666666666 0.27361111111111114 0.041666666666666664 0.03611111111111111
3 0.8341145833333333 0.40370370370370373 0.018229166666666668 0.053703703703703705
0 0.6364583333333333 0.5856481481481481 0.115625 0.1787037037037037
3 0.8815104166666666 0.7657407407407407 0.04739583333333333 0.20185185185185187
3 0.7416666666666667 0.34074074074074073 0.016145833333333335 0.049074074074074076
4 0.8723958333333334 0.37083333333333335 0.042708333333333334 0.10185185185185185
4 0.74453125 0.37222222222222223 0.024479166666666666 0.11666666666666667
4 0.640625 0.5828703703703704 0.11822916666666666 0.20462962962962963