0 0.2859375 0.5111111111111111 0.1078125 0.14722222222222223
0 0.099609375 0.6388888888888888 0.19296875 0.2916666666666667
0 0.480859375 0.7395833333333334 0.13671875 0.35138888888888886
0 0.58359375 0.5097222222222222 0.0796875 0.14444444444444443
0 0.201953125 0.8256944444444444 0.25859375 0.33194444444444443
0 0.351953125 0.37569444444444444 0.05546875 0.08194444444444444
0 0.4953125 0.40555555555555556 0.0640625 0.15555555555555556
0 0.551171875 0.34930555555555554 0.04296875 0.0763888888888889
0 0.400390625 0.3194444444444444 0.03046875 0.05555555555555555
0 0.434765625 0.3472222222222222 0.03828125 0.07222222222222222
3 0.410546875 0.5097222222222222 0.03515625 0.14166666666666666
3 0.444140625 0.42916666666666664 0.01796875 0.07222222222222222
0 0.25234375 0.40208333333333335 0.0328125 0.0875
0 0.50390625 0.31527777777777777 0.03671875 0.05694444444444444
4 0.437890625 0.3861111111111111 0.046875 0.15
4 0.169140625 0.7513888888888889 0.321875 0.49722222222222223
4 0.286328125 0.47152777777777777 0.11328125 0.23333333333333334