0 0.8815104166666666 0.6486111111111111 0.11510416666666666 0.21203703703703702
0 0.75546875 0.55 0.08802083333333334 0.12962962962962962
3 0.5869791666666667 0.4125 0.017708333333333333 0.05462962962962963
0 0.8557291666666667 0.4638888888888889 0.08020833333333334 0.11481481481481481
0 0.6643229166666667 0.4185185185185185 0.06197916666666667 0.1
0 0.3263020833333333 0.6976851851851852 0.25052083333333336 0.2916666666666667
0 0.14375 0.2912037037037037 0.06354166666666666 0.06574074074074074
0 0.8416666666666667 0.35 0.046875 0.05925925925925926
0 0.7471354166666667 0.4444444444444444 0.06822916666666666 0.08703703703703704
0 0.5278645833333333 0.36435185185185187 0.05364583333333333 0.062037037037037036
0 0.67890625 0.3662037037037037 0.049479166666666664 0.06759259259259259
0 0.7466145833333333 0.3763888888888889 0.04583333333333333 0.046296296296296294
3 0.790625 0.3662037037037037 0.0171875 0.05740740740740741
0 0.7916666666666666 0.35555555555555557 0.0359375 0.05648148148148148
3 0.7716145833333333 0.3277777777777778 0.013541666666666667 0.03981481481481482
0 0.7356770833333334 0.35648148148148145 0.03958333333333333 0.05740740740740741
0 0.73203125 0.32731481481481484 0.027083333333333334 0.02962962962962963
0 0.6921875 0.3226851851851852 0.036458333333333336 0.05277777777777778
3 0.8127604166666667 0.3402777777777778 0.009895833333333333 0.046296296296296294
4 0.7911458333333333 0.3574074074074074 0.0375 0.062037037037037036
4 0.74140625 0.3527777777777778 0.05572916666666667 0.08888888888888889
4 0.6848958333333334 0.3449074074074074 0.046875 0.09074074074074075
0 0.6338541666666667 0.3398148148148148 0.030729166666666665 0.046296296296296294
0 0.6484375 0.31712962962962965 0.030729166666666665 0.046296296296296294
3 0.603125 0.350462962962963 0.0140625 0.06574074074074074
0 0.575 0.3439814814814815 0.033854166666666664 0.04722222222222222
4 0.6403645833333333 0.32685185185185184 0.041666666666666664 0.06574074074074074
3 0.5296875 0.3175925925925926 0.011458333333333333 0.032407407407407406
3 0.49635416666666665 0.36666666666666664 0.018229166666666668 0.05185185185185185
3 0.5291666666666667 0.29583333333333334 0.008854166666666666 0.021296296296296296
3 0.5473958333333333 0.3189814814814815 0.010416666666666666 0.03611111111111111
3 0.5677083333333334 0.3055555555555556 0.007291666666666667 0.032407407407407406
3 0.61328125 0.31527777777777777 0.0067708333333333336 0.03796296296296296
3 0.6075520833333333 0.32592592592592595 0.008854166666666666 0.026851851851851852
4 0.53515625 0.33935185185185185 0.043229166666666666 0.10925925925925926
4 0.5763020833333333 0.3287037037037037 0.0375 0.08148148148148149
4 0.60625 0.33796296296296297 0.020833333333333332 0.08703703703703704
4 0.8328125 0.3472222222222222 0.0578125 0.06574074074074074