0 0.5666666666666667 0.4449074074074074 0.05416666666666667 0.10925925925925926
0 0.48541666666666666 0.33194444444444443 0.05416666666666667 0.04537037037037037
0 0.01640625 0.36018518518518516 0.0328125 0.044444444444444446
0 0.5528645833333333 0.3351851851851852 0.052083333333333336 0.040740740740740744
0 0.37526041666666665 0.30277777777777776 0.042708333333333334 0.02962962962962963
0 0.3263020833333333 0.30185185185185187 0.027083333333333334 0.026851851851851852
0 0.234375 0.3013888888888889 0.018229166666666668 0.03148148148148148
0 0.09583333333333334 0.3398148148148148 0.042708333333333334 0.037037037037037035
0 0.43411458333333336 0.29074074074074074 0.016666666666666666 0.016666666666666666
0 0.7372395833333333 0.3662037037037037 0.050520833333333334 0.05092592592592592
0 0.2674479166666667 0.2916666666666667 0.01875 0.023148148148148147
0 0.5283854166666667 0.2875 0.008854166666666666 0.016666666666666666
0 0.55078125 0.30092592592592593 0.019270833333333334 0.028703703703703703
3 0.29765625 0.4375 0.021875 0.07962962962962963
3 0.38255208333333335 0.35138888888888886 0.0125 0.04259259259259259
3 0.20442708333333334 0.3125 0.009375 0.03333333333333333
3 0.35442708333333334 0.3851851851851852 0.015104166666666667 0.05648148148148148
3 0.7010416666666667 0.34629629629629627 0.021875 0.04351851851851852
3 0.6893229166666667 0.3375 0.022395833333333334 0.03888888888888889
0 0.23984375 0.2884259259259259 0.022395833333333334 0.03148148148148148
4 0.2265625 0.29768518518518516 0.11458333333333333 0.06759259259259259
4 0.71953125 0.3541666666666667 0.08489583333333334 0.0787037037037037