0 0.3942864583333333 0.7391481481481481 0.4045416666666667 0.47005555555555556
0 0.4125989583333334 0.3836851851851852 0.161375 0.18837037037037035
0 0.31128125 0.2947037037037037 0.102109375 0.1312962962962963
0 0.2424322916666667 0.2317685185185185 0.073671875 0.09673148148148147
0 0.18861458333333334 0.19510185185185186 0.04984895833333333 0.08862037037037036
3 0.6004479166666666 0.33135185185185184 0.04613020833333333 0.09126851851851851
0 0.6108645833333333 0.2929907407407408 0.07738020833333333 0.11772222222222223
0 0.6755937500000001 0.29762037037037037 0.08333333333333333 0.1111111111111111
0 0.790921875 0.31349074074074074 0.041666666666666664 0.06878703703703705
0 0.8251979166666668 0.32075000000000004 0.03601041666666667 0.04820370370370371
3 0.27269270833333337 0.3472222222222222 0.045385416666666664 0.12301851851851853
3 0.16741145833333335 0.24735185185185185 0.022322916666666668 0.08730555555555557
3 0.13391145833333334 0.23242592592592592 0.014114583333333335 0.06798148148148149
0 0.09411979166666667 0.16468518518518518 0.018598958333333335 0.03836111111111111
0 0.8950885416666666 0.8518518518518519 0.08630729166666667 0.22750925925925927
3 0.46503125 0.5390185185185185 0.12946354166666665 0.1388888888888889
2 0.39471875 0.7242037037037037 0.40848437499999996 0.5119074074074074
0 0.9133177083333333 0.45039814814814816 0.02753125 0.09656481481481483