0 0.480859375 0.45625 0.07421875 0.1375
0 0.59453125 0.4222222222222222 0.0625 0.12222222222222222
0 0.387109375 0.34305555555555556 0.05546875 0.08888888888888889
0 0.511328125 0.3923611111111111 0.05703125 0.1125
0 0.4734375 0.8805555555555555 0.2171875 0.23333333333333334
0 0.454296875 0.31875 0.04453125 0.06527777777777778
0 0.32265625 0.41388888888888886 0.0640625 0.08888888888888889
0 0.577734375 0.28194444444444444 0.02734375 0.04722222222222222
0 0.503515625 0.3236111111111111 0.03203125 0.05555555555555555
0 0.53125 0.3104166666666667 0.03125 0.059722222222222225
0 0.411328125 0.3055555555555556 0.03203125 0.044444444444444446
3 0.1359375 0.4965277777777778 0.075 0.14722222222222223
0 0.551953125 0.2916666666666667 0.01953125 0.03888888888888889