0 0.46875 0.3458333333333333 0.0375 0.05277777777777778
0 0.3796875 0.3578703703703704 0.034375 0.05092592592592592
0 0.5489583333333333 0.38425925925925924 0.03333333333333333 0.05925925925925926
0 0.22083333333333333 0.3106481481481482 0.05625 0.04722222222222222
3 0.5861979166666667 0.525 0.0296875 0.08148148148148149
0 0.40286458333333336 0.3416666666666667 0.033854166666666664 0.037037037037037035
0 0.5994791666666667 0.3902777777777778 0.03229166666666667 0.05092592592592592
0 0.5833333333333334 0.3226851851851852 0.016666666666666666 0.028703703703703703
0 0.5276041666666667 0.3365740740740741 0.023958333333333335 0.04351851851851852
0 0.26536458333333335 0.2935185185185185 0.021354166666666667 0.02962962962962963
3 0.5744791666666667 0.33287037037037037 0.009375 0.028703703703703703
0 0.24401041666666667 0.29583333333333334 0.027604166666666666 0.028703703703703703
3 0.6263020833333334 0.7722222222222223 0.05260416666666667 0.18518518518518517
3 0.32864583333333336 0.3375 0.0125 0.026851851851851852
3 0.59453125 0.34629629629629627 0.008854166666666666 0.03425925925925926
3 0.61328125 0.3638888888888889 0.011979166666666667 0.04259259259259259
3 0.6033854166666667 0.34444444444444444 0.009895833333333333 0.03425925925925926
3 0.56953125 0.32407407407407407 0.008333333333333333 0.02962962962962963
3 0.11171875 0.32175925925925924 0.023958333333333335 0.040740740740740744
0 0.16067708333333333 0.2949074074074074 0.035416666666666666 0.030555555555555555
4 0.60390625 0.35 0.0296875 0.06574074074074074
0 0.6049479166666667 0.33240740740740743 0.017708333333333333 0.021296296296296296
4 0.5515625 0.37453703703703706 0.0375 0.08611111111111111
4 0.3921875 0.3527777777777778 0.05520833333333333 0.06111111111111111
4 0.5791666666666667 0.3287037037037037 0.025 0.041666666666666664
0 0.5580729166666667 0.3560185185185185 0.025 0.04814814814814815
3 0.5611979166666666 0.3212962962962963 0.008854166666666666 0.025925925925925925
0 0.5572916666666666 0.31527777777777777 0.015104166666666667 0.03148148148148148
4 0.5575520833333333 0.3148148148148148 0.017708333333333333 0.03425925925925926
4 0.23463541666666668 0.30092592592592593 0.08645833333333333 0.06388888888888888