0 0.47363541666666664 0.4136296296296297 0.1579583333333333 0.1854351851851852
0 0.3725572916666666 0.32422222222222224 0.10107291666666667 0.1268425925925926
0 0.307859375 0.2610648148148148 0.072265625 0.09597222222222222
0 0.25909375 0.21777777777777776 0.05898958333333334 0.08262962962962962
0 0.671875 0.32899074074074075 0.07763541666666667 0.1135
0 0.7446302083333334 0.3298611111111111 0.10052604166666666 0.09549074074074074
0 0.85846875 0.34158333333333335 0.04821875 0.0628425925925926
3 0.6629479166666666 0.36508333333333337 0.04613020833333333 0.08994444444444445
3 0.216515625 0.32605555555555554 0.032739583333333336 0.11772222222222223
3 0.24367708333333335 0.28571296296296295 0.023067708333333332 0.06878703703703705
3 0.18798958333333332 0.23024999999999998 0.018541666666666668 0.05514814814814815
3 0.21765104166666666 0.2265648148148148 0.013739583333333333 0.04000925925925926
3 0.822171875 0.34061111111111114 0.022322916666666668 0.03836111111111111