0 0.5493177083333334 0.6441018518518519 0.2944322916666666 0.35980555555555555
3 0.640625 0.5271203703703703 0.11011979166666667 0.1256574074074074
2 0.549109375 0.6461666666666667 0.29464062500000004 0.3611111111111111
0 0.7540677083333333 0.29532407407407407 0.056151041666666665 0.05962962962962964
0 0.8793958333333334 0.434462962962963 0.040468750000000005 0.08154629629629628
0 0.649296875 0.27791666666666665 0.09259895833333333 0.09231481481481482
0 0.5815416666666666 0.2734074074074074 0.07781770833333333 0.10605555555555556
3 0.5710572916666667 0.3167962962962963 0.05431770833333334 0.08598148148148148
0 0.3958333333333333 0.36441666666666667 0.138390625 0.17592592592592593
3 0.3254375 0.38672222222222224 0.052703124999999997 0.17133333333333334
0 0.2795416666666667 0.2725740740740741 0.10125520833333333 0.12792592592592592
3 0.121703125 0.24023148148148146 0.019609375 0.09082407407407407
3 0.172609375 0.25542592592592595 0.027588541666666667 0.1025925925925926
0 0.21203645833333334 0.20757407407407408 0.071046875 0.09619444444444444
0 0.16015625 0.1706851851851852 0.05996875 0.08246296296296296
0 0.108765625 0.1350925925925926 0.039427083333333335 0.06352777777777778
0 0.7924791666666666 0.30424999999999996 0.0378125 0.04931481481481481
0 0.8481458333333334 0.8472222222222222 0.093203125 0.2456574074074074
0 0.867421875 0.3515833333333333 0.021619791666666666 0.047657407407407405