0 0.4702395833333333 0.4014537037037037 0.15327604166666667 0.17857407407407408
0 0.3674322916666667 0.31054629629629626 0.104125 0.12792592592592592
0 0.3010260416666667 0.24436111111111114 0.07305729166666668 0.09581481481481482
0 0.7319322916666666 0.3218333333333333 0.09386979166666666 0.09673148148148147
0 0.66796875 0.31857407407407407 0.07708854166666666 0.10562962962962963
0 0.8627916666666666 0.33137962962962964 0.06335416666666667 0.06824999999999999
0 0.9140625 0.8836851851851851 0.05511458333333333 0.2250462962962963
0 0.15002604166666667 0.1567962962962963 0.026963541666666667 0.042916666666666665
0 0.251953125 0.20941666666666667 0.05059895833333334 0.07899074074074074
3 0.18340625 0.26058333333333333 0.020088541666666668 0.07672222222222222
3 0.21520833333333333 0.24436111111111114 0.015541666666666667 0.05599074074074074
3 0.172484375 0.20833333333333334 0.010130208333333333 0.04443518518518519
0 0.29809375 0.18706481481481482 0.04321354166666667 0.034527777777777775
3 0.654390625 0.3485462962962963 0.045385416666666664 0.07804629629629631
3 0.8134791666666668 0.3220462962962963 0.039276041666666664 0.050833333333333335