0 0.4940104166666667 0.43333333333333335 0.0546875 0.09074074074074075
0 0.23880208333333333 0.537962962962963 0.10572916666666667 0.13703703703703704
0 0.37942708333333336 0.3800925925925926 0.033854166666666664 0.05277777777777778
0 0.5625 0.40324074074074073 0.03854166666666667 0.06388888888888888
0 0.6036458333333333 0.38333333333333336 0.034375 0.05925925925925926
0 0.36822916666666666 0.3592592592592593 0.03333333333333333 0.05740740740740741
3 0.5494791666666666 0.46111111111111114 0.01875 0.05925925925925926
0 0.6872395833333333 0.3685185185185185 0.0359375 0.053703703703703705
0 0.24947916666666667 0.29398148148148145 0.021875 0.026851851851851852
3 0.7018229166666666 0.3875 0.013020833333333334 0.03425925925925926
0 0.26927083333333335 0.2962962962962963 0.017708333333333333 0.025925925925925925
3 0.48333333333333334 0.837037037037037 0.052083333333333336 0.17222222222222222
3 0.6752604166666667 0.40879629629629627 0.0203125 0.06018518518518518
3 0.53125 0.37453703703703706 0.011979166666666667 0.049074074074074076
3 0.5393229166666667 0.37777777777777777 0.010416666666666666 0.05277777777777778
3 0.5739583333333333 0.3685185185185185 0.0140625 0.03796296296296296
3 0.41484375 0.362962962962963 0.0125 0.05092592592592592
3 0.3984375 0.36342592592592593 0.013020833333333334 0.04722222222222222
3 0.40625 0.35648148148148145 0.009895833333333333 0.04722222222222222
3 0.21015625 0.3 0.011458333333333333 0.026851851851851852
3 0.24296875 0.29814814814814816 0.009895833333333333 0.025925925925925925
3 0.35494791666666664 0.3648148148148148 0.014583333333333334 0.044444444444444446
4 0.6880208333333333 0.3875 0.041666666666666664 0.1
4 0.5552083333333333 0.41944444444444445 0.059375 0.15185185185185185
4 0.40729166666666666 0.3541666666666667 0.028645833333333332 0.06296296296296296
4 0.37161458333333336 0.3662037037037037 0.050520833333333334 0.0824074074074074