3 0.39791666666666664 0.3458333333333333 0.013541666666666667 0.03796296296296296
3 0.5973958333333333 0.32083333333333336 0.011458333333333333 0.025925925925925925
0 0.6828125 0.40046296296296297 0.036458333333333336 0.07314814814814814
3 0.6705729166666666 0.4263888888888889 0.0140625 0.041666666666666664
3 0.3494791666666667 0.40555555555555556 0.016666666666666666 0.05185185185185185
3 0.19166666666666668 0.30092592592592593 0.008333333333333333 0.020370370370370372
0 0.22265625 0.2972222222222222 0.022395833333333334 0.02962962962962963
0 0.24583333333333332 0.2953703703703704 0.022916666666666665 0.027777777777777776
0 0.26484375 0.2972222222222222 0.019791666666666666 0.02962962962962963
3 0.7018229166666666 0.3458333333333333 0.01875 0.03333333333333333
4 0.6822916666666666 0.4023148148148148 0.04010416666666667 0.09074074074074075