0 0.41778125 0.37169444444444444 0.15699479166666666 0.19047222222222224
0 0.3122552083333333 0.29145370370370366 0.104125 0.1284722222222222
0 0.2482916666666667 0.23024999999999998 0.072265625 0.0974351851851852
0 0.6821302083333334 0.2944907407407408 0.08679166666666666 0.09065740740740741
0 0.890625 0.8680555555555556 0.0989375 0.2506481481481481
0 0.6181666666666668 0.2910185185185185 0.07794270833333333 0.1025925925925926
0 0.9194322916666666 0.44313888888888886 0.04016145833333333 0.08246296296296296
0 0.19653125 0.19400925925925927 0.053802083333333334 0.08274074074074074
0 0.8149427083333334 0.30642592592592593 0.06536979166666666 0.06401851851851852
0 0.8813489583333334 0.37521296296296297 0.028973958333333334 0.06477777777777777
0 0.095703125 0.13975925925925925 0.029203125 0.04218518518518519
3 0.11309374999999999 0.21362037037037038 0.020833333333333332 0.07275
3 0.17431770833333332 0.2105 0.021989583333333333 0.06965740740740742
3 0.14111458333333332 0.20366666666666666 0.011114583333333334 0.04988888888888889
3 0.6066302083333334 0.33687962962962964 0.050666666666666665 0.08092592592592593