0 0.44121875 0.39749074074074076 0.15476041666666665 0.17592592592592593
0 0.3374010416666666 0.2988240740740741 0.09997395833333332 0.1268425925925926
0 0.2700208333333334 0.23546296296296299 0.06866666666666667 0.08864814814814814
0 0.7060572916666668 0.3059907407407408 0.096375 0.09266666666666666
0 0.6396510416666668 0.30338888888888893 0.07763541666666667 0.10877777777777778
0 0.90234375 0.8754351851851853 0.080078125 0.246962962962963
0 0.833984375 0.3166203703703704 0.06359895833333333 0.06813888888888889
0 0.216796875 0.20442592592592593 0.057588541666666666 0.08322222222222221
0 0.12236458333333333 0.1670925925925926 0.023223958333333336 0.03997222222222222
0 0.16369791666666667 0.16894444444444445 0.032838541666666665 0.05503703703703704
3 0.6279739583333334 0.34524074074074074 0.04761979166666667 0.0793611111111111
3 0.270265625 0.4587685185185185 0.049041666666666664 0.16308333333333333
3 0.15327604166666667 0.2235462962962963 0.016369791666666668 0.0661388888888889
3 0.1755364583333333 0.23307407407407407 0.016020833333333335 0.06309259259259259
3 0.2578125 0.3181203703703704 0.037947916666666665 0.10713888888888888
3 0.7900416666666668 0.31054629629629626 0.036619791666666665 0.04758333333333333
0 0.10913020833333334 0.1542962962962963 0.015541666666666667 0.03412962962962963
0 0.270265625 0.1851111111111111 0.040526041666666665 0.03222222222222222