0 0.5510416666666667 0.6967592592592593 0.14375 0.22314814814814815
0 0.7497395833333333 0.4546296296296296 0.0703125 0.1037037037037037
0 0.25546875 0.2916666666666667 0.0453125 0.046296296296296294
0 0.8411458333333334 0.3541666666666667 0.046875 0.06388888888888888
0 0.37083333333333335 0.26805555555555555 0.041666666666666664 0.03981481481481482
0 0.6466145833333333 0.32175925925925924 0.0359375 0.05648148148148148
3 0.82109375 0.43194444444444446 0.024479166666666666 0.08055555555555556
0 0.621875 0.35185185185185186 0.0421875 0.05185185185185185
0 0.79375 0.35694444444444445 0.04375 0.06574074074074074
0 0.9166666666666666 0.3296296296296296 0.05520833333333333 0.05555555555555555
0 0.29010416666666666 0.2791666666666667 0.03125 0.03981481481481482
0 0.7497395833333333 0.38842592592592595 0.058854166666666666 0.0787037037037037
0 0.3065104166666667 0.2777777777777778 0.033854166666666664 0.040740740740740744
0 0.575 0.34675925925925927 0.03802083333333333 0.05648148148148148
3 0.6971354166666667 0.33611111111111114 0.013541666666666667 0.04814814814814815
0 0.6934895833333333 0.32407407407407407 0.030208333333333334 0.04814814814814815
0 0.7346354166666667 0.3300925925925926 0.0296875 0.028703703703703703
3 0.7705729166666667 0.3287037037037037 0.013541666666666667 0.037037037037037035
3 0.8122395833333333 0.337037037037037 0.011979166666666667 0.046296296296296294
4 0.7888020833333333 0.34629629629629627 0.049479166666666664 0.07037037037037037
4 0.74453125 0.35833333333333334 0.058854166666666666 0.08703703703703704
3 0.6122395833333333 0.3111111111111111 0.0125 0.03981481481481482
3 0.52890625 0.30462962962962964 0.008854166666666666 0.044444444444444446
3 0.5385416666666667 0.3106481481481482 0.009375 0.04351851851851852
3 0.5458333333333333 0.3194444444444444 0.010416666666666666 0.04814814814814815
4 0.5377604166666666 0.31203703703703706 0.025 0.06666666666666667
3 0.5671875 0.3106481481481482 0.009895833333333333 0.03611111111111111
4 0.5752604166666667 0.3347222222222222 0.040625 0.08425925925925926
4 0.6223958333333334 0.3351851851851852 0.0390625 0.08425925925925926
3 0.8981770833333333 0.37453703703703706 0.011458333333333333 0.05925925925925926