0 0.5888020833333333 0.7037037037037037 0.1140625 0.2111111111111111
0 0.57578125 0.5592592592592592 0.07239583333333334 0.11203703703703703
0 0.5765625 0.4861111111111111 0.06145833333333333 0.08425925925925926
0 0.36796875 0.5037037037037037 0.08177083333333333 0.1
0 0.40989583333333335 0.45046296296296295 0.059375 0.0824074074074074
0 0.7002604166666667 0.4962962962962963 0.06458333333333334 0.1111111111111111
0 0.2703125 0.475 0.08229166666666667 0.07962962962962963
0 0.43984375 0.4078703703703704 0.04479166666666667 0.06666666666666667
0 0.3390625 0.4449074074074074 0.057291666666666664 0.07592592592592592
0 0.5591145833333333 0.42916666666666664 0.04739583333333333 0.07222222222222222
0 0.5067708333333333 0.3875 0.033854166666666664 0.05277777777777778
0 0.3533854166666667 0.4074074074074074 0.05416666666666667 0.07592592592592592
0 0.4546875 0.3819444444444444 0.044270833333333336 0.06944444444444445
0 0.5596354166666667 0.38842592592592595 0.03177083333333333 0.040740740740740744
3 0.12005208333333334 0.5564814814814815 0.044270833333333336 0.15
0 0.21848958333333332 0.649537037037037 0.221875 0.31296296296296294
0 0.6223958333333334 0.4064814814814815 0.04895833333333333 0.08333333333333333
0 0.6138020833333333 0.37824074074074077 0.040625 0.07222222222222222
0 0.5973958333333333 0.36712962962962964 0.03177083333333333 0.06388888888888888
3 0.46979166666666666 0.45185185185185184 0.023958333333333335 0.08148148148148149
3 0.48333333333333334 0.4125 0.0171875 0.07037037037037037
3 0.42578125 0.36203703703703705 0.015104166666666667 0.046296296296296294
3 0.53203125 0.3773148148148148 0.0109375 0.04722222222222222
3 0.41848958333333336 0.3527777777777778 0.0125 0.05092592592592592
3 0.3385416666666667 0.3398148148148148 0.019270833333333334 0.053703703703703705
0 0.25 0.29907407407407405 0.018229166666666668 0.032407407407407406
0 0.23567708333333334 0.2986111111111111 0.016145833333333335 0.028703703703703703
0 0.28515625 0.2972222222222222 0.017708333333333333 0.028703703703703703
3 0.26510416666666664 0.300462962962963 0.009895833333333333 0.028703703703703703
3 0.43828125 0.35138888888888886 0.011458333333333333 0.030555555555555555
0 0.509375 0.3560185185185185 0.03125 0.049074074074074076
4 0.6153645833333333 0.39490740740740743 0.071875 0.13240740740740742
4 0.55546875 0.40879629629629627 0.05572916666666667 0.15
4 0.5924479166666666 0.6194444444444445 0.10416666666666667 0.3685185185185185
4 0.453125 0.40046296296296297 0.08072916666666667 0.1712962962962963
4 0.37890625 0.43425925925925923 0.13541666666666666 0.2759259259259259
4 0.2942708333333333 0.4550925925925926 0.13802083333333334 0.11388888888888889
4 0.7591145833333334 0.45740740740740743 0.19270833333333334 0.22962962962962963