3 0.39765625 0.362962962962963 0.013020833333333334 0.04259259259259259
3 0.3580729166666667 0.37175925925925923 0.013020833333333334 0.04722222222222222
3 0.2986979166666667 0.45694444444444443 0.0234375 0.0712962962962963
0 0.3684895833333333 0.35648148148148145 0.030729166666666665 0.05185185185185185
0 0.6645833333333333 0.34953703703703703 0.04791666666666667 0.03981481481481482
0 0.17786458333333333 0.2949074074074074 0.030729166666666665 0.026851851851851852
0 0.09791666666666667 0.337037037037037 0.040625 0.037037037037037035
0 0.559375 0.30462962962962964 0.019791666666666666 0.022222222222222223
0 0.23151041666666666 0.29074074074074074 0.021354166666666667 0.022222222222222223
0 0.3489583333333333 0.30185185185185187 0.0375 0.05185185185185185
0 0.040625 0.3472222222222222 0.07395833333333333 0.08611111111111111
4 0.36484375 0.3638888888888889 0.0421875 0.07777777777777778