3 0.23515625 0.5222222222222223 0.05 0.1
3 0.389453125 0.4618055555555556 0.02890625 0.0875
3 0.194140625 0.46458333333333335 0.05 0.125
3 0.34609375 0.39791666666666664 0.0234375 0.0875
3 0.375 0.4083333333333333 0.02578125 0.10277777777777777
3 0.353125 0.34375 0.0234375 0.07222222222222222
0 0.40078125 0.3090277777777778 0.0421875 0.07777777777777778
0 0.440234375 0.2826388888888889 0.03359375 0.059722222222222225
4 0.384765625 0.43333333333333335 0.04296875 0.14305555555555555
3 0.371875 0.35833333333333334 0.0203125 0.06388888888888888
4 0.39375 0.33541666666666664 0.05078125 0.1125